19 0.5003703832626343 0.5409036874771118 0.9992592334747314 0.7219185829162598 
19 0.4862259328365326 0.5323840379714966 0.2685099244117737 0.3462725877761841 
30 0.4855089485645294 0.549437940120697 0.26740747690200806 0.3760964870452881 
19 0.5007059574127197 0.5807222127914429 0.9985881447792053 0.787733793258667 
19 0.4857422709465027 0.5493273735046387 0.26444730162620544 0.37581872940063477 
19 0.5000083446502686 0.6633464097976685 0.9995530843734741 0.601464569568634 
19 0.48574328422546387 0.5330297350883484 0.2655356228351593 0.3452327251434326 
29 0.48687565326690674 0.5324346423149109 0.2625413239002228 0.34544599056243896 
37 0.47866982221603394 0.5337006449699402 0.2682948112487793 0.3577477037906647 
19 0.48544371128082275 0.5336542725563049 0.26068851351737976 0.33935627341270447 
