47 0.31994420289993286 0.5091625452041626 0.5126476287841797 0.9737734794616699 
19 0.640936017036438 0.6280570030212402 0.5950980186462402 0.7384390830993652 
47 0.32930588722229004 0.5550240278244019 0.49959200620651245 0.8847286701202393 
19 0.6481839418411255 0.6211270093917847 0.5892375707626343 0.7417298555374146 
19 0.6490153670310974 0.6213086843490601 0.5919867753982544 0.7496646046638489 
39 0.3285105526447296 0.5527702569961548 0.5009960532188416 0.8818080425262451 
47 0.6411707401275635 0.625786542892456 0.5948755741119385 0.7450596690177917 
4 0.32989445328712463 0.5531721711158752 0.5005477666854858 0.8803027868270874 
47 0.608635425567627 0.6266093254089355 0.6600441932678223 0.7421244382858276 
7 0.3299480974674225 0.552653431892395 0.5004849433898926 0.8828511238098145 
