47 0.6089494824409485 0.48984211683273315 0.4197854995727539 0.8874444961547852 
47 0.6097994446754456 0.48917752504348755 0.4221890866756439 0.8882396221160889 
47 0.614577054977417 0.4874212145805359 0.4149802327156067 0.8948137760162354 
47 0.609488308429718 0.4901435077190399 0.4217081069946289 0.8889208436012268 
47 0.6156917214393616 0.48719343543052673 0.41879236698150635 0.9000101089477539 
20 0.6168755888938904 0.48734429478645325 0.4191535413265228 0.8981773853302002 
19 0.6098887324333191 0.49041125178337097 0.4271843433380127 0.8871912360191345 
47 0.6112957000732422 0.48955854773521423 0.42436444759368896 0.8852386474609375 
19 0.5913806557655334 0.1333223432302475 0.09475290775299072 0.17296013236045837 
30 0.6106770634651184 0.48987922072410583 0.4230935573577881 0.8847143650054932 
