19 0.5005594491958618 0.5146716833114624 0.9988811016082764 0.6954072713851929 
19 0.48071911931037903 0.572811484336853 0.9465059638023376 0.134097158908844 
30 0.3707251250743866 0.759236216545105 0.18363380432128906 0.19950294494628906 
19 0.37196624279022217 0.7592331767082214 0.18336468935012817 0.19775867462158203 
7 0.3755907118320465 0.7557176351547241 0.17555862665176392 0.19039613008499146 
29 0.3769688308238983 0.7535878419876099 0.18355196714401245 0.19078290462493896 
29 0.3725241720676422 0.7601242661476135 0.1834503412246704 0.19627869129180908 
7 0.5003648996353149 0.4021592140197754 0.9992702007293701 0.48192477226257324 
7 0.23176874220371246 0.5118666887283325 0.4635374844074249 0.6909648180007935 
7 0.37708646059036255 0.7545985579490662 0.17804431915283203 0.191117525100708 
