19 0.5013844966888428 0.5023699998855591 0.9294161796569824 0.9841012954711914 
20 0.48693934082984924 0.5009637475013733 0.8933942317962646 0.9884405136108398 
20 0.48578235507011414 0.5010809302330017 0.8930829167366028 0.9876435995101929 
47 0.6489604711532593 0.27764371037483215 0.6375669240951538 0.48050063848495483 
19 0.4850107431411743 0.5030280351638794 0.8924726247787476 0.9939438700675964 
21 0.4847066104412079 0.5000170469284058 0.8956680297851562 0.9924204349517822 
19 0.48484712839126587 0.5034055709838867 0.8921456336975098 0.9827457666397095 
30 0.48661139607429504 0.5006901025772095 0.8899260759353638 0.9904305934906006 
47 0.4859791100025177 0.5008985996246338 0.8911073207855225 0.987869143486023 
19 0.48643139004707336 0.5044057369232178 0.897918701171875 0.9807376861572266 
