30 0.4697374403476715 0.33145102858543396 0.8292834758758545 0.660352349281311 
30 0.4696461260318756 0.33136245608329773 0.8267216682434082 0.6627249121665955 
30 0.5274863243103027 0.3306029140949249 0.9425374865531921 0.6577486395835876 
30 0.4731895327568054 0.338438481092453 0.8396576642990112 0.6757835149765015 
22 0.5263968706130981 0.32955533266067505 0.9454749226570129 0.6591106653213501 
22 0.4701816141605377 0.33254244923591614 0.8251600861549377 0.6598578691482544 
30 0.467300683259964 0.4339430034160614 0.8294556140899658 0.8665136098861694 
29 0.4685622453689575 0.32954058051109314 0.8276851177215576 0.6590811610221863 
19 0.453469842672348 0.1917656809091568 0.19250863790512085 0.3835313618183136 
19 0.47016727924346924 0.33204779028892517 0.8279284238815308 0.6577548980712891 
