19 0.8364582061767578 0.8765615224838257 0.3270835280418396 0.24100840091705322 
47 0.4434933364391327 0.4115256369113922 0.875370979309082 0.7039957642555237 
47 0.44360026717185974 0.4030667841434479 0.8826462030410767 0.7013195753097534 
19 0.43756675720214844 0.41112029552459717 0.8751335144042969 0.7217710018157959 
19 0.4381549060344696 0.42384210228919983 0.8761224746704102 0.7319121956825256 
19 0.43870076537132263 0.4214334189891815 0.8768676519393921 0.7236259579658508 
29 0.4386093020439148 0.42690178751945496 0.8755520582199097 0.733189582824707 
47 0.8494983315467834 0.8721392154693604 0.300984263420105 0.2472313642501831 
19 0.43855398893356323 0.4080187976360321 0.8727896213531494 0.7005652189254761 
29 0.43776261806488037 0.41922932863235474 0.8755252361297607 0.7189623117446899 
