47 0.5443938374519348 0.5050773620605469 0.2521313428878784 0.587290346622467 
47 0.5452296137809753 0.5053678750991821 0.25250959396362305 0.5876961946487427 
37 0.5451293587684631 0.49660471081733704 0.25147199630737305 0.5715816617012024 
30 0.5005202889442444 0.5799503326416016 0.9975078105926514 0.8214095830917358 
47 0.5400786995887756 0.4994021952152252 0.23986244201660156 0.5743300914764404 
47 0.5004997849464417 0.5803544521331787 0.996618390083313 0.8165305852890015 
47 0.5418315529823303 0.5005912780761719 0.23778259754180908 0.5763853788375854 
30 0.5440660715103149 0.49705812335014343 0.25071918964385986 0.5728099346160889 
30 0.5422385931015015 0.27665919065475464 0.07774966955184937 0.12684670090675354 
19 0.5446450114250183 0.49662116169929504 0.2516002655029297 0.5741493105888367 
