29 0.5971778631210327 0.529681384563446 0.26742982864379883 0.36918413639068604 
47 0.5967354774475098 0.5296148061752319 0.2746778726577759 0.3738912343978882 
19 0.5775927901268005 0.5308896899223328 0.24872788786888123 0.37747636437416077 
29 0.14814555644989014 0.5103997588157654 0.05960840731859207 0.11197051405906677 
29 0.36091893911361694 0.5145412087440491 0.32921233773231506 0.47777223587036133 
22 0.3624116778373718 0.5202488899230957 0.32515186071395874 0.4660978317260742 
19 0.36104875802993774 0.5192299485206604 0.3223980665206909 0.4705442190170288 
29 0.3588401973247528 0.5146149396896362 0.32040709257125854 0.47726666927337646 
19 0.46893706917762756 0.5139050483703613 0.5374085903167725 0.4716954231262207 
28 0.27225828170776367 0.6397085189819336 0.5023248195648193 0.7059774398803711 
