30 0.9095475673675537 0.39084500074386597 0.09372401237487793 0.11991947889328003 
47 0.5015168190002441 0.5883515477180481 0.9932880401611328 0.47137489914894104 
47 0.7328402996063232 0.3958989381790161 0.5331500768661499 0.1265469789505005 
30 0.3232826590538025 0.4979392886161804 0.6433141231536865 0.9958785772323608 
30 0.5214557647705078 0.4171108603477478 0.08998322486877441 0.34091562032699585 
30 0.522026777267456 0.4174928069114685 0.09052705764770508 0.34172916412353516 
30 0.5206314325332642 0.4186931252479553 0.09006869792938232 0.3410812020301819 
37 0.44676363468170166 0.3398267328739166 0.10304561257362366 0.6721181273460388 
47 0.4560682773590088 0.3457506597042084 0.1235097348690033 0.6813343167304993 
30 0.5026117563247681 0.5777270793914795 0.9917874336242676 0.5118216872215271 
