19 0.3350834548473358 0.5769757032394409 0.6671561598777771 0.8362743854522705 
19 0.6028296947479248 0.253153920173645 0.5240063667297363 0.4493253231048584 
29 0.3399735689163208 0.677064061164856 0.6799471378326416 0.6386200189590454 
19 0.3381090760231018 0.7226864099502563 0.6762181520462036 0.545696496963501 
19 0.5005685091018677 0.4985472559928894 0.9987210035324097 0.9970945119857788 
29 0.33751142024993896 0.6598236560821533 0.6750228404998779 0.6702241897583008 
19 0.5005369186401367 0.4984351098537445 0.9989261031150818 0.996870219707489 
29 0.33355075120925903 0.7228769063949585 0.6671015024185181 0.5470653176307678 
29 0.6066837310791016 0.2566126883029938 0.518699049949646 0.43747442960739136 
29 0.4388861656188965 0.5171692967414856 0.877772331237793 0.9554857015609741 
