47 0.42227548360824585 0.45154687762260437 0.4156864881515503 0.712590217590332 
47 0.351754754781723 0.4519820511341095 0.27793192863464355 0.7132670879364014 
47 0.35424041748046875 0.4535776674747467 0.2751652002334595 0.7176274657249451 
47 0.47210732102394104 0.24500952661037445 0.9369271993637085 0.37065428495407104 
20 0.35373008251190186 0.45244261622428894 0.2761184573173523 0.7105339169502258 
47 0.3544843792915344 0.4515515863895416 0.27227210998535156 0.708572506904602 
47 0.35273927450180054 0.45239564776420593 0.27379459142684937 0.7088781595230103 
19 0.35282087326049805 0.45423391461372375 0.274399995803833 0.7157242298126221 
30 0.3522770404815674 0.4514758884906769 0.2760835886001587 0.7116336226463318 
30 0.35386520624160767 0.4510282576084137 0.2753889560699463 0.7088710069656372 
