47 0.5621339082717896 0.4698793292045593 0.567489504814148 0.6520360708236694 
47 0.5604859590530396 0.46709954738616943 0.5583222508430481 0.6499792337417603 
30 0.5268359184265137 0.4261244833469391 0.49048590660095215 0.5712966322898865 
30 0.38525184988975525 0.5681203603744507 0.7705036997795105 0.8502128720283508 
19 0.526272714138031 0.4249438941478729 0.48968568444252014 0.5711163282394409 
42 0.526682436466217 0.4280514419078827 0.4873220920562744 0.5759764313697815 
30 0.5289212465286255 0.42886146903038025 0.4945054054260254 0.5723176002502441 
30 0.5291703939437866 0.42921265959739685 0.4901164770126343 0.564294695854187 
47 0.4429625868797302 0.22235284745693207 0.09136524796485901 0.15559938549995422 
19 0.5291407108306885 0.4284335970878601 0.49727198481559753 0.5722110271453857 
