29 0.9680981040000916 0.5461636781692505 0.06217539310455322 0.13117411732673645 
29 0.40302935242652893 0.7083034515380859 0.8060587048530579 0.5833930969238281 
19 0.40321671962738037 0.7062923312187195 0.8035538196563721 0.587415337562561 
29 0.4048387110233307 0.7069337368011475 0.8062801361083984 0.5861325263977051 
29 0.40439149737358093 0.7046746015548706 0.8080457448959351 0.590650737285614 
29 0.8239442110061646 0.7381614446640015 0.3521115779876709 0.513485312461853 
19 0.3965051770210266 0.7064977884292603 0.7930103540420532 0.5858557224273682 
19 0.39771538972854614 0.7026795148849487 0.7954307794570923 0.5921659469604492 
19 0.5002143383026123 0.23102307319641113 0.9995713829994202 0.46204614639282227 
29 0.39689934253692627 0.7026256322860718 0.7937986850738525 0.5947487354278564 
