47 0.4263443648815155 0.508141040802002 0.587925910949707 0.9837179780006409 
19 0.5345131754875183 0.5827182531356812 0.37305521965026855 0.8331230878829956 
19 0.5363758206367493 0.5831632614135742 0.3628470003604889 0.8265811204910278 
19 0.5363544821739197 0.584069013595581 0.3635145425796509 0.8259915113449097 
19 0.465798556804657 0.38148510456085205 0.2179136574268341 0.4250451326370239 
19 0.5378708839416504 0.5833613872528076 0.3640446662902832 0.8274214267730713 
7 0.5378772020339966 0.5824242830276489 0.36426496505737305 0.8276798725128174 
30 0.5364780426025391 0.5834006071090698 0.36790215969085693 0.8267240524291992 
19 0.5385691523551941 0.5828783512115479 0.36442625522613525 0.828056812286377 
19 0.5360512733459473 0.5839965343475342 0.36409521102905273 0.8283604383468628 
