19 0.43362560868263245 0.3868864178657532 0.8672512173652649 0.7737728357315063 
30 0.5939434766769409 0.40799811482429504 0.5472737550735474 0.7337616682052612 
47 0.5956116914749146 0.40754643082618713 0.5619014501571655 0.7294003367424011 
30 0.5946866273880005 0.40948083996772766 0.56256103515625 0.7309964895248413 
19 0.5941232442855835 0.21058368682861328 0.20722967386245728 0.33452534675598145 
29 0.5956135988235474 0.409150630235672 0.5647586584091187 0.7310295104980469 
47 0.5948370695114136 0.4115602672100067 0.5656861066818237 0.7306602597236633 
19 0.5932775735855103 0.4106810986995697 0.5577337741851807 0.7285254001617432 
30 0.5929036140441895 0.40891769528388977 0.5472497940063477 0.7362412810325623 
30 0.5957910418510437 0.4095214903354645 0.5627380609512329 0.732947826385498 
