39 0.5810664892196655 0.4980309307575226 0.8259633779525757 0.9960618615150452 
30 0.4410814642906189 0.4985961616039276 0.6594868898391724 0.99708491563797 
19 0.5884685516357422 0.7549759149551392 0.8155151605606079 0.4813629388809204 
30 0.4985223710536957 0.4976760745048523 0.5179879665374756 0.9953521490097046 
47 0.4826210141181946 0.49849432706832886 0.5320118069648743 0.9969886541366577 
19 0.5872999429702759 0.49857598543167114 0.8170938491821289 0.9965319633483887 
19 0.6041494607925415 0.7530877590179443 0.791701078414917 0.48475003242492676 
39 0.5043609738349915 0.49901846051216125 0.4859187602996826 0.9974844455718994 
20 0.5022774338722229 0.4994412958621979 0.4875679016113281 0.9976414442062378 
29 0.5014376640319824 0.4992484748363495 0.49663710594177246 0.9976786375045776 
