47 0.599890947341919 0.5001245737075806 0.8002181053161621 0.9980345964431763 
47 0.5996756553649902 0.49957311153411865 0.8006486892700195 0.997712254524231 
19 0.5866802930831909 0.4996729791164398 0.7756750583648682 0.9971953630447388 
19 0.598809540271759 0.4996989667415619 0.8023809194564819 0.9973138570785522 
19 0.5934478044509888 0.4990444481372833 0.7832906246185303 0.9957601428031921 
39 0.5884003639221191 0.4997531771659851 0.7829313278198242 0.997817873954773 
30 0.5973049402236938 0.4987020790576935 0.7903519868850708 0.9969412684440613 
39 0.5877392292022705 0.5000696182250977 0.7792625427246094 0.9979754686355591 
30 0.5882802605628967 0.4998335838317871 0.7766404151916504 0.9975920915603638 
19 0.588655412197113 0.49970927834510803 0.7838424444198608 0.9978381395339966 
