19 0.5003384351730347 0.49944522976875305 0.9992145299911499 0.9958990216255188 
29 0.5003470182418823 0.4978650212287903 0.9993060827255249 0.9957300424575806 
19 0.5004351139068604 0.49754512310028076 0.9991297721862793 0.9945117235183716 
21 0.5620486736297607 0.5888463258743286 0.3372783958911896 0.5164657831192017 
39 0.5623320937156677 0.589937686920166 0.3375976085662842 0.5148829221725464 
30 0.50042724609375 0.4978255033493042 0.9991453886032104 0.9956510066986084 
29 0.5003753900527954 0.49414247274398804 0.9992493391036987 0.9840997457504272 
19 0.5627058744430542 0.5918651819229126 0.33556604385375977 0.5059860944747925 
19 0.5006752610206604 0.42313042283058167 0.9800024032592773 0.8451759219169617 
19 0.5643013715744019 0.5911716222763062 0.33734238147735596 0.5113146305084229 
