30 0.5608682632446289 0.7273358106613159 0.4736196994781494 0.5252732038497925 
30 0.6899746656417847 0.8112919926643372 0.342143714427948 0.3671433925628662 
30 0.34065741300582886 0.7668259143829346 0.3403988480567932 0.4231865406036377 
47 0.5588114261627197 0.6844441890716553 0.8607324361801147 0.6039015054702759 
30 0.31981074810028076 0.5898953676223755 0.23904743790626526 0.289091557264328 
30 0.8789265751838684 0.8014521598815918 0.23799395561218262 0.3888482451438904 
5 0.6458128690719604 0.553554117679596 0.7083742618560791 0.8759061098098755 
47 0.5594010353088379 0.7309157848358154 0.472265362739563 0.516787052154541 
29 0.44249922037124634 0.9208465218544006 0.1758047342300415 0.1116558313369751 
30 0.5545047521591187 0.7262604832649231 0.4697451591491699 0.5272208452224731 
