19 0.5096346735954285 0.5063862800598145 0.14121437072753906 0.3368961811065674 
47 0.49885380268096924 0.529606282711029 0.17718350887298584 0.3802303373813629 
30 0.4979741871356964 0.5287923812866211 0.17913931608200073 0.38045966625213623 
30 0.5099157691001892 0.5076494812965393 0.13654211163520813 0.33494889736175537 
30 0.5093343257904053 0.5064193606376648 0.1358775794506073 0.3325977325439453 
47 0.5093762874603271 0.49947211146354675 0.14232957363128662 0.3398450016975403 
47 0.4992292523384094 0.5294138789176941 0.17936956882476807 0.3905172049999237 
19 0.510404646396637 0.504851222038269 0.13283681869506836 0.32967284321784973 
29 0.510434627532959 0.5065910220146179 0.13572144508361816 0.33103644847869873 
42 0.5086567401885986 0.5023806691169739 0.14238739013671875 0.34316861629486084 
