30 0.6734834313392639 0.5726624727249146 0.37951016426086426 0.45815813541412354 
29 0.6887778639793396 0.5705114603042603 0.37434399127960205 0.47683894634246826 
19 0.6926950812339783 0.5703967809677124 0.36608386039733887 0.4754340648651123 
29 0.4999372959136963 0.6675471663475037 0.9909768104553223 0.6537301540374756 
19 0.6749619245529175 0.5735052227973938 0.3758498430252075 0.4610168933868408 
19 0.6777605414390564 0.5724624991416931 0.3722330629825592 0.4608822762966156 
29 0.335834801197052 0.5434606671333313 0.062256038188934326 0.2262120246887207 
29 0.3366476595401764 0.5438175201416016 0.06310081481933594 0.22776150703430176 
19 0.681102454662323 0.5739297866821289 0.3662821352481842 0.46308422088623047 
47 0.7942054867744446 0.1940349042415619 0.374325156211853 0.38090527057647705 
