47 0.5513002872467041 0.559139609336853 0.3173818588256836 0.5644701719284058 
30 0.5495772361755371 0.5599029660224915 0.31399285793304443 0.5619766712188721 
30 0.5518248677253723 0.6395251750946045 0.2484365701675415 0.39768362045288086 
47 0.5535824298858643 0.6400770545005798 0.24638450145721436 0.4054168462753296 
19 0.5489474534988403 0.6391319036483765 0.2536681890487671 0.3993742763996124 
30 0.5513731837272644 0.5286026000976562 0.3190429210662842 0.5017932653427124 
37 0.5511503219604492 0.5280816555023193 0.3170723617076874 0.504452109336853 
30 0.5558658838272095 0.33181431889533997 0.09563732147216797 0.10847604274749756 
19 0.5511776208877563 0.5276220440864563 0.3208329677581787 0.5034792423248291 
47 0.550291895866394 0.5285881161689758 0.3184478282928467 0.5024468898773193 
