47 0.2894335687160492 0.49997806549072266 0.5781795978546143 0.997931718826294 
19 0.2859669625759125 0.4993535578250885 0.571933925151825 0.9984064102172852 
19 0.28454509377479553 0.4988453984260559 0.5690901875495911 0.9976907968521118 
19 0.2912331521511078 0.5000649690628052 0.5794577598571777 0.9982515573501587 
19 0.2906029224395752 0.500167965888977 0.5812058448791504 0.9981468915939331 
19 0.29137787222862244 0.29835090041160583 0.4176638722419739 0.5967018008232117 
19 0.29162001609802246 0.5003350973129272 0.5832400321960449 0.9993299245834351 
19 0.2896478772163391 0.4999169111251831 0.5792957544326782 0.9982728958129883 
19 0.28466910123825073 0.4989074468612671 0.5693382024765015 0.9978148937225342 
29 0.29002270102500916 0.4995904266834259 0.5796161890029907 0.9991808533668518 
