30 0.44581139087677 0.36700382828712463 0.464371919631958 0.25747448205947876 
19 0.44375747442245483 0.3688817620277405 0.4663105607032776 0.25906264781951904 
47 0.435219407081604 0.36980071663856506 0.4357486367225647 0.2564780116081238 
47 0.4333535432815552 0.3668385148048401 0.4392653703689575 0.2558395266532898 
47 0.4341650605201721 0.36718013882637024 0.4413665235042572 0.255257785320282 
47 0.43523889780044556 0.36529624462127686 0.45939263701438904 0.26771360635757446 
30 0.4393960237503052 0.3684712052345276 0.44419199228286743 0.25516998767852783 
7 0.43469637632369995 0.36851319670677185 0.4394822120666504 0.255964457988739 
29 0.43888014554977417 0.36822807788848877 0.4451099634170532 0.25623905658721924 
19 0.6059643626213074 0.2457156479358673 0.78807133436203 0.4914312958717346 
