47 0.604581356048584 0.6681312322616577 0.25043240189552307 0.3295746445655823 
47 0.6032520532608032 0.6688855886459351 0.25511905550956726 0.3331207036972046 
30 0.32984459400177 0.45943450927734375 0.2564239799976349 0.4610441029071808 
47 0.5002148151397705 0.7392784357070923 0.9991633892059326 0.5081267356872559 
30 0.5004981756210327 0.6084852814674377 0.9990036487579346 0.7608686685562134 
21 0.6814972162246704 0.556694507598877 0.0511319637298584 0.0895128846168518 
30 0.6088892221450806 0.6591095924377441 0.24421489238739014 0.31253230571746826 
47 0.6062511205673218 0.6588786244392395 0.246342271566391 0.31247758865356445 
30 0.5003158450126648 0.49929818511009216 0.9993683099746704 0.9972608089447021 
11 0.6082256436347961 0.6593610048294067 0.2424938678741455 0.31183648109436035 
