19 0.6466445922851562 0.4636448323726654 0.7014224529266357 0.7862794995307922 
19 0.4797724485397339 0.4272555708885193 0.7028849720954895 0.8528099656105042 
29 0.2288738191127777 0.1335456818342209 0.21269291639328003 0.2655964493751526 
29 0.41290128231048584 0.13347820937633514 0.3612620234489441 0.26309821009635925 
29 0.565710186958313 0.5107277035713196 0.5504577159881592 0.6959885358810425 
19 0.6463145017623901 0.468055784702301 0.7039154171943665 0.7747518420219421 
19 0.5661871433258057 0.5139898061752319 0.547339677810669 0.7005871534347534 
7 0.5659199953079224 0.5136525630950928 0.5493196249008179 0.7023868560791016 
29 0.5698529481887817 0.5083313584327698 0.53659987449646 0.6871547698974609 
29 0.5675864219665527 0.5097486972808838 0.5381497144699097 0.6839320659637451 
