30 0.4904094636440277 0.6270847320556641 0.9286991357803345 0.7051527500152588 
30 0.5013077259063721 0.2405138462781906 0.9625777006149292 0.43216270208358765 
30 0.5198201537132263 0.249115988612175 0.9381498098373413 0.3741016983985901 
19 0.5003010034561157 0.49309828877449036 0.9909437894821167 0.9775751829147339 
47 0.5036137700080872 0.2393713742494583 0.9557926654815674 0.4002689719200134 
30 0.497035413980484 0.47287264466285706 0.9790027141571045 0.9341904520988464 
7 0.48924246430397034 0.6268831491470337 0.6391249299049377 0.7014954090118408 
47 0.48970475792884827 0.6257116794586182 0.6489418745040894 0.7003465890884399 
30 0.5252617597579956 0.24592439830303192 0.9285236597061157 0.3426259458065033 
47 0.5714982748031616 0.3794008195400238 0.18306556344032288 0.19524610042572021 
