30 0.18344278633594513 0.45462948083877563 0.36688557267189026 0.3918231725692749 
30 0.5006378889083862 0.5311398506164551 0.9987242817878723 0.5121481418609619 
19 0.5 0.5336505174636841 1.0 0.5031329393386841 
30 0.5 0.5376811027526855 1.0 0.5005519390106201 
30 0.1721409410238266 0.454391211271286 0.34286966919898987 0.39653342962265015 
28 0.6497758626937866 0.5505847930908203 0.7004483342170715 0.47990453243255615 
30 0.6488159894943237 0.5887502431869507 0.7023680210113525 0.3983795940876007 
19 0.6494880318641663 0.5893862247467041 0.7010239362716675 0.39800071716308594 
19 0.6503251194953918 0.5907021164894104 0.6993497610092163 0.39650893211364746 
30 0.5028012990951538 0.6781423091888428 0.9943974614143372 0.5720618367195129 
