30 0.5597445964813232 0.5580648183822632 0.8793865442276001 0.7360877990722656 
19 0.7406991124153137 0.6546905040740967 0.5136553049087524 0.6750267744064331 
30 0.5002990961074829 0.34973758459091187 0.9994016885757446 0.6994751691818237 
30 0.33632218837738037 0.5497249960899353 0.4538898468017578 0.7180571556091309 
30 0.7386648654937744 0.6492714881896973 0.5138660669326782 0.6810876131057739 
30 0.15833963453769684 0.6379662752151489 0.07997717708349228 0.2760193347930908 
30 0.10726918280124664 0.7007575035095215 0.08424031734466553 0.3690836429595947 
30 0.10623396933078766 0.7033377289772034 0.08432111889123917 0.36637866497039795 
47 0.7365089058876038 0.6307277679443359 0.5246235132217407 0.7186237573623657 
47 0.5604642629623413 0.5582845211029053 0.8739197254180908 0.7423998117446899 
