30 0.49940603971481323 0.6239359378814697 0.9988120794296265 0.5645812749862671 
0 0.46777668595314026 0.5281303524971008 0.9355533719062805 0.38803350925445557 
30 0.4683243930339813 0.5290056467056274 0.9365284442901611 0.38722074031829834 
30 0.46683424711227417 0.5378994345664978 0.9336684942245483 0.39575135707855225 
30 0.46919649839401245 0.4433005154132843 0.9383929967880249 0.5474469065666199 
30 0.49960872530937195 0.6291353702545166 0.9992174506187439 0.5698801875114441 
30 0.46739086508750916 0.5292729735374451 0.9347817301750183 0.38789498805999756 
30 0.4688921868801117 0.5323677659034729 0.9377843737602234 0.4083249568939209 
30 0.4668668806552887 0.4463338851928711 0.9337337613105774 0.5593924522399902 
19 0.46686485409736633 0.5295279026031494 0.9337297081947327 0.3788725733757019 
