30 0.499679297208786 0.2783038318157196 0.998895525932312 0.5490028858184814 
30 0.3950378894805908 0.2801711857318878 0.7357555627822876 0.5603423714637756 
30 0.8761658668518066 0.6343913674354553 0.24766826629638672 0.20600175857543945 
30 0.3780181109905243 0.4928223490715027 0.7560362219810486 0.336422324180603 
30 0.19056205451488495 0.5322124361991882 0.3747222125530243 0.23863840103149414 
30 0.5369317531585693 0.4390079975128174 0.46262848377227783 0.23588764667510986 
19 0.5359113216400146 0.4376298189163208 0.46210840344429016 0.23936140537261963 
30 0.3808790445327759 0.4877639412879944 0.7595239281654358 0.3255031108856201 
19 0.24415776133537292 0.5165519118309021 0.04905612766742706 0.20643410086631775 
28 0.4944022595882416 0.4367254376411438 0.5493438839912415 0.2375674545764923 
