30 0.48121702671051025 0.44209975004196167 0.39482590556144714 0.8841995000839233 
30 0.4920613765716553 0.4408939480781555 0.3794069290161133 0.881787896156311 
19 0.49692225456237793 0.4429738223552704 0.3727140426635742 0.871992826461792 
30 0.49549445509910583 0.29966843128204346 0.21062320470809937 0.4285382926464081 
30 0.49461495876312256 0.3001604676246643 0.21015217900276184 0.4285247325897217 
19 0.49710753560066223 0.4354979693889618 0.3636658787727356 0.8602886199951172 
30 0.4944183826446533 0.43872883915901184 0.36338913440704346 0.8665182590484619 
19 0.4651474058628082 0.4501771628856659 0.43806177377700806 0.9003543257713318 
30 0.49051791429519653 0.4352710545063019 0.22406411170959473 0.17228001356124878 
0 0.4943249225616455 0.42993390560150146 0.22153496742248535 0.18073546886444092 
