47 0.5727396011352539 0.5340844392776489 0.8303804397583008 0.9170397520065308 
47 0.576123833656311 0.5355252027511597 0.8316975831985474 0.9179847240447998 
30 0.4980652928352356 0.7025121450424194 0.9913034439086914 0.5850251913070679 
37 0.5980432033538818 0.8471572399139404 0.1132359504699707 0.21183651685714722 
47 0.6743643879890442 0.2535688877105713 0.2172454595565796 0.3803556561470032 
47 0.2656238377094269 0.7048847079277039 0.5289792418479919 0.5815742015838623 
47 0.6467366814613342 0.6748104691505432 0.35182440280914307 0.556158185005188 
30 0.6194770932197571 0.5346090793609619 0.4269794225692749 0.9155460596084595 
30 0.6189571022987366 0.5353693962097168 0.42322516441345215 0.9156593084335327 
30 0.26539552211761475 0.7063702344894409 0.5303139686584473 0.5818191766738892 
