30 0.41852113604545593 0.4778466820716858 0.8310060501098633 0.9556933641433716 
30 0.48025575280189514 0.4838341772556305 0.7644967436790466 0.9653686285018921 
30 0.5538355112075806 0.4802548289299011 0.8923288583755493 0.9605096578598022 
30 0.47754451632499695 0.4884830415248871 0.738875150680542 0.972706139087677 
30 0.47931531071662903 0.485623836517334 0.7511477470397949 0.969008207321167 
30 0.48265358805656433 0.48727646470069885 0.7658763527870178 0.9675867557525635 
22 0.5510732531547546 0.48269370198249817 0.8932605981826782 0.9632422924041748 
30 0.481227308511734 0.48202478885650635 0.7547357678413391 0.962427020072937 
30 0.2677772045135498 0.4994671046733856 0.2500046491622925 0.9979769587516785 
30 0.481353223323822 0.4859395921230316 0.7523211240768433 0.9671354293823242 
