30 0.5456802845001221 0.5071618556976318 0.8621940612792969 0.9717689752578735 
49 0.2888755798339844 0.5606140494346619 0.35912156105041504 0.26613903045654297 
30 0.7841620445251465 0.5065373182296753 0.380751371383667 0.9763542413711548 
7 0.31111857295036316 0.6730983257293701 0.46664339303970337 0.647555947303772 
30 0.5553337335586548 0.6706961393356323 0.26145267486572266 0.6501288414001465 
30 0.5607889890670776 0.6727160215377808 0.27318841218948364 0.6486846208572388 
30 0.27253979444503784 0.6271929740905762 0.5429229736328125 0.7429134249687195 
30 0.5407637357711792 0.6732347011566162 0.23231428861618042 0.649053692817688 
49 0.5609126091003418 0.6728247404098511 0.2667073905467987 0.6514103412628174 
7 0.1755322515964508 0.505859375 0.13583263754844666 0.1588355302810669 
