30 0.48534753918647766 0.4260023832321167 0.9320754408836365 0.8183860778808594 
30 0.10228176414966583 0.37394610047340393 0.15483611822128296 0.7469092011451721 
30 0.6461239457130432 0.8588005304336548 0.16640198230743408 0.2737603783607483 
30 0.4812966585159302 0.42778757214546204 0.926484227180481 0.8091680407524109 
37 0.6442697048187256 0.8610031604766846 0.1663053035736084 0.2692067623138428 
30 0.6441254615783691 0.860511302947998 0.16695916652679443 0.2710849642753601 
37 0.4885319769382477 0.43287554383277893 0.9393005967140198 0.8149268627166748 
22 0.48671990633010864 0.4163438081741333 0.9315470457077026 0.8281913995742798 
30 0.1015297994017601 0.37665459513664246 0.1482611745595932 0.7533091902732849 
19 0.10207973420619965 0.3786144256591797 0.14709678292274475 0.7572288513183594 
