30 0.333991676568985 0.33568161725997925 0.5423034429550171 0.2444126307964325 
30 0.6666631698608398 0.6928897500038147 0.6665399670600891 0.6118154525756836 
30 0.32566529512405396 0.3383963108062744 0.5344976186752319 0.23329153656959534 
30 0.800973653793335 0.6379519104957581 0.39804303646087646 0.5025378465652466 
30 0.3258437514305115 0.3851078152656555 0.5374090671539307 0.13511747121810913 
30 0.17714041471481323 0.34792378544807434 0.2176494598388672 0.6958475708961487 
30 0.6654075384140015 0.6924272179603577 0.6674249768257141 0.6120290756225586 
28 0.5298742055892944 0.652254581451416 0.9402515888214111 0.6954907178878784 
28 0.5287678241729736 0.6589410305023193 0.9424644708633423 0.6813468337059021 
30 0.3307603895664215 0.3875958323478699 0.5295296907424927 0.13379067182540894 
