47 0.5004795789718628 0.5314265489578247 0.998397946357727 0.9277416467666626 
21 0.5064674615859985 0.6380648612976074 0.2102506458759308 0.38251975178718567 
47 0.5053486227989197 0.6385302543640137 0.21601712703704834 0.3778839111328125 
21 0.5061087012290955 0.6382892727851868 0.21038103103637695 0.3798203468322754 
47 0.5066722631454468 0.6401662826538086 0.21450269222259521 0.3789302110671997 
30 0.5062872171401978 0.6409014463424683 0.21713745594024658 0.380307674407959 
47 0.5004509091377258 0.5297399759292603 0.998056173324585 0.9376094341278076 
47 0.5061973929405212 0.6439478993415833 0.21467316150665283 0.38674113154411316 
30 0.5064820647239685 0.6384686231613159 0.2149139642715454 0.3788359761238098 
47 0.5062180161476135 0.6388674974441528 0.2148292064666748 0.3811078369617462 
