21 0.5135135650634766 0.5484727025032043 0.7283744812011719 0.4760147035121918 
30 0.7596050500869751 0.5358432531356812 0.47388243675231934 0.3212178945541382 
19 0.5023678541183472 0.5787218809127808 0.71125328540802 0.42143237590789795 
19 0.5011719465255737 0.5775847434997559 0.7002842426300049 0.4225562810897827 
0 0.4968547523021698 0.5816798210144043 0.6931630373001099 0.4309203624725342 
30 0.7557694911956787 0.5344064235687256 0.47829723358154297 0.3304935693740845 
30 0.5002740621566772 0.6767213344573975 0.9980002641677856 0.6270071268081665 
19 0.4968647360801697 0.5799601674079895 0.690493106842041 0.42509889602661133 
30 0.7647138237953186 0.535672664642334 0.46783363819122314 0.3179631531238556 
30 0.759440004825592 0.5376214981079102 0.47333216667175293 0.326552152633667 
