20 0.5142409801483154 0.49188321828842163 0.9251251220703125 0.9837664365768433 
47 0.5786541700363159 0.6246786713600159 0.3464486002922058 0.3517836332321167 
20 0.5778949856758118 0.25030517578125 0.08830630779266357 0.2689353823661804 
20 0.3745894134044647 0.6913511157035828 0.14769059419631958 0.3980151414871216 
47 0.13992607593536377 0.6388725638389587 0.12167328596115112 0.34806761145591736 
20 0.7658356428146362 0.8252612352371216 0.18006622791290283 0.33857840299606323 
20 0.2569335401058197 0.43196195363998413 0.09968042373657227 0.2694944441318512 
20 0.24049651622772217 0.7438971400260925 0.174835667014122 0.37407827377319336 
20 0.22966010868549347 0.514061689376831 0.1566290557384491 0.4325992166996002 
20 0.7631359100341797 0.8245483040809631 0.18420493602752686 0.3409537076950073 
