20 0.39847055077552795 0.7117054462432861 0.7886590957641602 0.575878381729126 
10 0.6810562610626221 0.7109636068344116 0.26599830389022827 0.5714091062545776 
10 0.6467028856277466 0.5973307490348816 0.4211134612560272 0.7959221601486206 
47 0.27498453855514526 0.5988473296165466 0.20408710837364197 0.7530697584152222 
47 0.0623205304145813 0.40118104219436646 0.09458869695663452 0.3187803626060486 
10 0.28809061646461487 0.6209205389022827 0.567351222038269 0.7506964206695557 
47 0.2758004665374756 0.597589373588562 0.20746450126171112 0.7543034553527832 
47 0.2886269688606262 0.6110347509384155 0.5730181932449341 0.7773924469947815 
30 0.6423987150192261 0.37823358178138733 0.41842734813690186 0.3183789849281311 
10 0.26865851879119873 0.597922146320343 0.1904841661453247 0.7513972520828247 
