47 0.5078407526016235 0.8848797678947449 0.12475526332855225 0.22263753414154053 
47 0.8027194142341614 0.5011038780212402 0.30082225799560547 0.9858702421188354 
47 0.23371204733848572 0.5901037454605103 0.3365488052368164 0.8151053190231323 
47 0.8096410632133484 0.5011433959007263 0.31112992763519287 0.9917967319488525 
47 0.8128710389137268 0.5005921125411987 0.3079671859741211 0.9925137758255005 
47 0.26391783356666565 0.3304082751274109 0.09624695777893066 0.16151738166809082 
19 0.23813192546367645 0.5901442766189575 0.34641849994659424 0.8145289421081543 
19 0.23424825072288513 0.58973228931427 0.33951622247695923 0.816862940788269 
47 0.8022750616073608 0.5013128519058228 0.3034946918487549 0.9846687316894531 
30 0.2327515035867691 0.5905418395996094 0.34025946259498596 0.8143943548202515 
