30 0.11547892540693283 0.503331184387207 0.1735583245754242 0.6651485562324524 
28 0.45871302485466003 0.5769590139389038 0.83603435754776 0.830102801322937 
30 0.45496073365211487 0.5762796401977539 0.837845504283905 0.8252487182617188 
30 0.45916616916656494 0.5757057666778564 0.8316632509231567 0.8264997005462646 
30 0.4618259370326996 0.5741835236549377 0.831527829170227 0.8245997428894043 
30 0.45805397629737854 0.577391505241394 0.8278279304504395 0.8265542984008789 
30 0.4615618586540222 0.5748324394226074 0.83571457862854 0.8218055963516235 
30 0.4616372883319855 0.5740954875946045 0.8334558010101318 0.8266662359237671 
28 0.4558773338794708 0.5759791135787964 0.8355318903923035 0.8268547058105469 
30 0.45945218205451965 0.5783219337463379 0.8323796391487122 0.8361916542053223 
