30 0.4846644103527069 0.5003288388252258 0.818975567817688 0.9104458093643188 
30 0.4432627558708191 0.5446720123291016 0.8813468813896179 0.7999117374420166 
30 0.15053987503051758 0.25077810883522034 0.30107975006103516 0.2879719138145447 
19 0.4807029068470001 0.6234961748123169 0.8163357973098755 0.6748568415641785 
20 0.4459000527858734 0.5908345580101013 0.8793066143989563 0.8030728101730347 
39 0.2962043285369873 0.20160959661006927 0.5924086570739746 0.4018099308013916 
20 0.4550849497318268 0.5895577669143677 0.8888044953346252 0.8053696155548096 
30 0.2916611433029175 0.20165443420410156 0.583322286605835 0.3995129466056824 
30 0.4514175057411194 0.5880254507064819 0.8954194784164429 0.8188533782958984 
30 0.4463948607444763 0.5661514401435852 0.8901484608650208 0.8558371663093567 
