47 0.25052887201309204 0.5193922519683838 0.4990144968032837 0.9490790367126465 
47 0.8374863862991333 0.9321588277816772 0.3220254182815552 0.12865519523620605 
47 0.6032761335372925 0.6499001383781433 0.44943201541900635 0.6538145542144775 
30 0.2513377070426941 0.51727294921875 0.5026754140853882 0.9535741806030273 
30 0.889699399471283 0.7324860095977783 0.22018671035766602 0.52782142162323 
30 0.2526884377002716 0.5181202292442322 0.5053768754005432 0.9481948614120483 
47 0.2539299428462982 0.520642876625061 0.5078598856925964 0.9567567110061646 
19 0.6028883457183838 0.6450790762901306 0.44556331634521484 0.6466870307922363 
19 0.6059567332267761 0.6453660130500793 0.4532524049282074 0.6474111080169678 
30 0.25310632586479187 0.5183823108673096 0.5062126517295837 0.9515953063964844 
