0 0.23711657524108887 0.4191235601902008 0.4710022211074829 0.8061735033988953 
30 0.49974673986434937 0.5596226453781128 0.999327540397644 0.8705469369888306 
19 0.7968071699142456 0.4542114734649658 0.4026747941970825 0.6647436618804932 
30 0.4997636079788208 0.7822449207305908 0.9995272159576416 0.4268057346343994 
19 0.515884518623352 0.8500353693962097 0.4422512352466583 0.20892345905303955 
30 0.49977946281433105 0.8601576089859009 0.9995589256286621 0.2715744972229004 
47 0.792085587978363 0.45444467663764954 0.4158288240432739 0.6544891595840454 
47 0.8001437783241272 0.4471363127231598 0.39293789863586426 0.6508216261863708 
30 0.23873239755630493 0.4144395589828491 0.47746479511260986 0.8061532974243164 
19 0.23738065361976624 0.4156983494758606 0.4686660170555115 0.8021013736724854 
