30 0.49811118841171265 0.5284385681152344 0.9938439130783081 0.9199364185333252 
7 0.5033684968948364 0.6080633997917175 0.9864990711212158 0.7750160694122314 
30 0.7785286903381348 0.5690836310386658 0.06368398666381836 0.23552727699279785 
30 0.1498299390077591 0.26155364513397217 0.29624003171920776 0.38979989290237427 
30 0.5002520680427551 0.6064332723617554 0.9878143072128296 0.770297646522522 
30 0.5026005506515503 0.6039747595787048 0.9877309799194336 0.7800378799438477 
7 0.5004994869232178 0.533749520778656 0.9898533821105957 0.9091638326644897 
19 0.5010713338851929 0.604591965675354 0.9910368919372559 0.7761919498443604 
30 0.5005649328231812 0.6059386730194092 0.9936678409576416 0.7778910398483276 
47 0.14929811656475067 0.2644387185573578 0.2955271899700165 0.39048874378204346 
