19 0.5000844597816467 0.4990398585796356 0.9983160495758057 0.9973386526107788 
19 0.5008165836334229 0.4993095099925995 0.998127818107605 0.9976692199707031 
19 0.5006169080734253 0.499541699886322 0.998187780380249 0.9982085227966309 
19 0.5006309151649475 0.4989318251609802 0.9981073141098022 0.9978636503219604 
29 0.500053882598877 0.49918994307518005 0.9983874559402466 0.9981558322906494 
19 0.49988338351249695 0.4993210732936859 0.9982768297195435 0.9981069564819336 
19 0.5006284713745117 0.49934592843055725 0.998239278793335 0.9981143474578857 
29 0.5001266598701477 0.4988618493080139 0.9977607727050781 0.9977236986160278 
47 0.5003832578659058 0.4989294409751892 0.9987915754318237 0.9978588819503784 
29 0.500164270401001 0.4989246726036072 0.9986974000930786 0.9978493452072144 
