20 0.4623330533504486 0.36705711483955383 0.33300071954727173 0.6196392774581909 
47 0.48323917388916016 0.3674471080303192 0.29376646876335144 0.6197623014450073 
47 0.47997844219207764 0.36740681529045105 0.29469144344329834 0.6107833981513977 
47 0.48034462332725525 0.36630234122276306 0.29124897718429565 0.6088691353797913 
47 0.4807738661766052 0.3680855631828308 0.29377424716949463 0.6103355884552002 
47 0.4835536777973175 0.36716893315315247 0.29200321435928345 0.6148500442504883 
30 0.48392340540885925 0.3668918013572693 0.29213768243789673 0.6159346103668213 
30 0.48264652490615845 0.3653446137905121 0.287497878074646 0.6137259006500244 
19 0.48252153396606445 0.3666987717151642 0.2931657135486603 0.619117021560669 
19 0.48285651206970215 0.3663111627101898 0.29442083835601807 0.6209610104560852 
