19 0.4857056736946106 0.5965068936347961 0.2566547393798828 0.4663010537624359 
19 0.5247499942779541 0.6002253890037537 0.3635132908821106 0.49857234954833984 
19 0.5003340244293213 0.6811420917510986 0.9993318915367126 0.6286870837211609 
29 0.4821317195892334 0.5995525121688843 0.276289701461792 0.5012218952178955 
19 0.6735767722129822 0.687954843044281 0.169913649559021 0.3215388059616089 
29 0.6744745969772339 0.6897626519203186 0.1686476469039917 0.3187021017074585 
29 0.4861235022544861 0.5988554358482361 0.2576993405818939 0.4664161205291748 
19 0.6740266680717468 0.6947094798088074 0.18110394477844238 0.3266705274581909 
19 0.48526516556739807 0.5988396406173706 0.25420981645584106 0.4652212858200073 
19 0.6768596172332764 0.6893696188926697 0.16993927955627441 0.3193233013153076 
