47 0.2376677542924881 0.6344105005264282 0.30490773916244507 0.6513714790344238 
39 0.49992334842681885 0.6336700320243835 0.9988671541213989 0.7203494310379028 
39 0.7886209487915039 0.521194577217102 0.31303197145462036 0.4889746904373169 
47 0.6266372799873352 0.28682178258895874 0.15107524394989014 0.40655142068862915 
39 0.7642366886138916 0.5207375884056091 0.26343822479248047 0.49105703830718994 
47 0.21942315995693207 0.6347802877426147 0.3437352776527405 0.6488978862762451 
47 0.23786450922489166 0.6338217258453369 0.3039896488189697 0.6510065793991089 
47 0.9205396175384521 0.48842331767082214 0.15778040885925293 0.4411035180091858 
19 0.21934150159358978 0.6355184316635132 0.34902700781822205 0.6499465107917786 
47 0.7634857296943665 0.5178420543670654 0.2563861608505249 0.4933778643608093 
