30 0.500808596611023 0.5477780103683472 0.9976381063461304 0.4349256753921509 
30 0.5004311800003052 0.5416255593299866 0.9989127516746521 0.4148644208908081 
30 0.5005476474761963 0.5372791290283203 0.9989047050476074 0.40200260281562805 
30 0.5003594756126404 0.6731499433517456 0.9992810487747192 0.6370428800582886 
30 0.5004123449325562 0.6328662633895874 0.9991753697395325 0.7183206081390381 
47 0.5004193782806396 0.6735407114028931 0.9991612434387207 0.6390045881271362 
30 0.5023009181022644 0.3454158902168274 0.09196329116821289 0.14745652675628662 
30 0.13269133865833282 0.5951912999153137 0.05933282524347305 0.41240572929382324 
30 0.5003581047058105 0.6747480630874634 0.9992838501930237 0.639144778251648 
21 0.5004503726959229 0.6691395044326782 0.9987797737121582 0.6367611885070801 
