30 0.5006324648857117 0.49873366951942444 0.9987350702285767 0.9974673390388489 
30 0.4867260158061981 0.5324538946151733 0.7789310812950134 0.6112419366836548 
30 0.36866047978401184 0.21826641261577606 0.1750156283378601 0.43622830510139465 
28 0.5006400346755981 0.4987438917160034 0.9987199306488037 0.9974877834320068 
30 0.48411718010902405 0.5319356918334961 0.7884802222251892 0.6081795692443848 
30 0.5006557703018188 0.49887120723724365 0.9986885190010071 0.9977424144744873 
23 0.5006344318389893 0.4988613724708557 0.9987311363220215 0.9977227449417114 
29 0.5005960464477539 0.4989268183708191 0.9988078474998474 0.9978536367416382 
19 0.48142483830451965 0.5261133313179016 0.7786307334899902 0.5869299173355103 
19 0.4831260144710541 0.5263512134552002 0.7790278792381287 0.587517261505127 
