30 0.4759572744369507 0.4449625611305237 0.8261846303939819 0.48647594451904297 
19 0.4814372956752777 0.5073917508125305 0.8028814792633057 0.6042604446411133 
5 0.47849342226982117 0.5046641826629639 0.815513551235199 0.5997360348701477 
13 0.470210999250412 0.7228093147277832 0.6704663038253784 0.19049561023712158 
30 0.49979814887046814 0.766584038734436 0.9992194175720215 0.459228515625 
30 0.46480193734169006 0.7302583456039429 0.6676321029663086 0.19153648614883423 
49 0.49978408217430115 0.8110175132751465 0.9993496537208557 0.37092024087905884 
19 0.46808549761772156 0.7230615019798279 0.6612284779548645 0.18746280670166016 
22 0.4817855954170227 0.45148593187332153 0.8049408197402954 0.48336106538772583 
22 0.47664445638656616 0.505842387676239 0.8201454877853394 0.6000714302062988 
