30 0.6914278268814087 0.26289480924606323 0.13519644737243652 0.31373804807662964 
30 0.5759574174880981 0.24011729657649994 0.35917454957962036 0.36918872594833374 
47 0.6872853636741638 0.2552450895309448 0.127405047416687 0.30176830291748047 
30 0.308223694562912 0.6237822771072388 0.1749909371137619 0.5327637195587158 
30 0.4644915461540222 0.22917278110980988 0.17598938941955566 0.34723615646362305 
46 0.30446192622184753 0.24535398185253143 0.15774482488632202 0.36603206396102905 
47 0.30609074234962463 0.6763975620269775 0.1692204475402832 0.4273030459880829 
47 0.47398024797439575 0.2266051173210144 0.16007712483406067 0.34469538927078247 
47 0.3065045475959778 0.24047358334064484 0.15743233263492584 0.35365206003189087 
47 0.474790096282959 0.2268667072057724 0.15702930092811584 0.34063246846199036 
