19 0.4581587016582489 0.5300748944282532 0.6648731231689453 0.9364808797836304 
47 0.4534417986869812 0.5338064432144165 0.6572999954223633 0.9271115064620972 
19 0.45754748582839966 0.5329820513725281 0.6364378929138184 0.9256688356399536 
47 0.4576387405395508 0.531179666519165 0.659416675567627 0.9330917596817017 
19 0.458694726228714 0.5312753915786743 0.6538118124008179 0.9317549467086792 
19 0.4959895610809326 0.22132766246795654 0.29338815808296204 0.31387197971343994 
20 0.4596169888973236 0.5321890711784363 0.6623992919921875 0.9350639581680298 
20 0.4586733877658844 0.5315008163452148 0.6634288430213928 0.9326708316802979 
29 0.45807933807373047 0.5311799049377441 0.6625555753707886 0.9338273406028748 
30 0.45873379707336426 0.5341302752494812 0.644392728805542 0.9255925416946411 
