19 0.6612927913665771 0.49796950817108154 0.5597391128540039 0.8345246315002441 
19 0.6581697463989258 0.5005927085876465 0.567846417427063 0.8392989635467529 
47 0.6638164520263672 0.496226042509079 0.5614148378372192 0.8442685008049011 
19 0.6576095223426819 0.5003185272216797 0.5643353462219238 0.837550163269043 
19 0.6594789624214172 0.4996959865093231 0.5792086124420166 0.8498737812042236 
19 0.6609368324279785 0.4966978132724762 0.5612626075744629 0.8503217697143555 
19 0.6604203581809998 0.49783432483673096 0.5628712177276611 0.8341891765594482 
47 0.6596245765686035 0.4971282184123993 0.5673508644104004 0.8367456793785095 
49 0.6594178676605225 0.5024173259735107 0.564561128616333 0.8477697372436523 
29 0.6576851606369019 0.4902799725532532 0.5700514316558838 0.8546407222747803 
