47 0.47238144278526306 0.4793379604816437 0.48064571619033813 0.2646419405937195 
30 0.47044336795806885 0.477379709482193 0.48297882080078125 0.2719016671180725 
30 0.6698724627494812 0.527556300163269 0.09232628345489502 0.10579168796539307 
47 0.44677579402923584 0.48047372698783875 0.4396853446960449 0.2737862467765808 
37 0.4998385012149811 0.4525294601917267 0.9996770024299622 0.32558494806289673 
47 0.4479050040245056 0.48034635186195374 0.4475284218788147 0.2713415026664734 
47 0.447698175907135 0.4786558747291565 0.43861621618270874 0.2683933973312378 
47 0.4471847414970398 0.4776015281677246 0.4409215450286865 0.27562275528907776 
47 0.40979623794555664 0.3867560923099518 0.11735635995864868 0.09229069948196411 
30 0.44879603385925293 0.4796310067176819 0.4361823797225952 0.27297651767730713 
