30 0.4075259268283844 0.4311981499195099 0.7534518837928772 0.6227695941925049 
19 0.44600287079811096 0.5337821245193481 0.8321490287780762 0.8295202255249023 
47 0.5 0.8654218912124634 1.0 0.2607738971710205 
47 0.547163724899292 0.7418262362480164 0.9056724905967712 0.42238640785217285 
30 0.4997576177120209 0.8234012722969055 0.9993612766265869 0.34474122524261475 
30 0.44115492701530457 0.5343683958053589 0.8381417989730835 0.8350046873092651 
19 0.4064827859401703 0.4289984405040741 0.7537450194358826 0.6201504468917847 
30 0.40771859884262085 0.43191036581993103 0.7522861957550049 0.6256937980651855 
19 0.4997168183326721 0.7672591209411621 0.9994336366653442 0.45874112844467163 
49 0.4053938090801239 0.4282165467739105 0.7575393915176392 0.6281951665878296 
