19 0.3210802376270294 0.5535300970077515 0.5440399646759033 0.6131550073623657 
29 0.32805997133255005 0.5582895278930664 0.5546116828918457 0.5982660055160522 
19 0.3263853192329407 0.5548743605613708 0.5525963306427002 0.6193990707397461 
19 0.5009579658508301 0.5210299491882324 0.9957031011581421 0.9477812051773071 
29 0.34031975269317627 0.5533954501152039 0.5817645788192749 0.6262657642364502 
29 0.3355564475059509 0.5530517101287842 0.5644034147262573 0.6136947870254517 
19 0.5010318160057068 0.5243641138076782 0.9963991641998291 0.9446530342102051 
19 0.3352992534637451 0.5573743581771851 0.568150520324707 0.6032605171203613 
19 0.3215695917606354 0.5570135116577148 0.5453861951828003 0.6116148233413696 
30 0.7105942368507385 0.5520511865615845 0.5298299789428711 0.4496798515319824 
