42 0.5002903938293457 0.6326649188995361 0.9984729290008545 0.7257128953933716 
21 0.5484369397163391 0.48268502950668335 0.4521716833114624 0.5537371039390564 
21 0.5953806042671204 0.6772973537445068 0.37021148204803467 0.1689518690109253 
47 0.5005173683166504 0.5995376110076904 0.9984080791473389 0.78969806432724 
25 0.5003429651260376 0.629388689994812 0.9974770545959473 0.7293781042098999 
30 0.5914803743362427 0.6753578782081604 0.3634021580219269 0.1665438413619995 
30 0.4496237635612488 0.6404956579208374 0.07420265674591064 0.08456265926361084 
25 0.5915959477424622 0.6773297786712646 0.3648775815963745 0.16895437240600586 
19 0.5336078405380249 0.46119922399520874 0.4466257095336914 0.5261470079421997 
47 0.5004494786262512 0.6317373514175415 0.9988623857498169 0.7300572395324707 
