39 0.49105575680732727 0.5353837013244629 0.9263443946838379 0.9138574600219727 
19 0.4942721426486969 0.5347074270248413 0.9355270862579346 0.9150155186653137 
47 0.4195154905319214 0.5110166668891907 0.7994731664657593 0.8830233812332153 
39 0.4870661795139313 0.5342446565628052 0.9146847724914551 0.9162980318069458 
47 0.42422929406166077 0.5122271180152893 0.8022392392158508 0.8849983215332031 
28 0.41965392231941223 0.5160872936248779 0.7871787548065186 0.8770241737365723 
19 0.4194333255290985 0.5172265768051147 0.7888146042823792 0.8785277605056763 
39 0.5425166487693787 0.21781231462955475 0.2987586259841919 0.29568201303482056 
30 0.4225645661354065 0.5169452428817749 0.790595293045044 0.8780637979507446 
19 0.42001286149024963 0.5186119079589844 0.7904491424560547 0.8787561655044556 
