47 0.44209903478622437 0.35835620760917664 0.5458143949508667 0.5725967884063721 
30 0.8119409084320068 0.5112680792808533 0.11728513240814209 0.30952346324920654 
47 0.47286146879196167 0.35492029786109924 0.5949482917785645 0.5535719394683838 
30 0.3598687946796417 0.48110058903694153 0.707417905330658 0.8151870965957642 
47 0.7536184787750244 0.6761970520019531 0.48108601570129395 0.6402475833892822 
47 0.7113057374954224 0.5087646245956421 0.1144024133682251 0.2327137291431427 
30 0.71037358045578 0.5094333291053772 0.11566483974456787 0.23460987210273743 
28 0.4446069002151489 0.3574448227882385 0.5384401082992554 0.5597678422927856 
30 0.4470420777797699 0.34722089767456055 0.530600368976593 0.5451257228851318 
19 0.8117678761482239 0.5122734308242798 0.11592614650726318 0.311092734336853 
