19 0.5255361795425415 0.6390011310577393 0.6177965402603149 0.7219977378845215 
29 0.5272555947303772 0.6355800628662109 0.6156182289123535 0.7288398742675781 
19 0.5004144906997681 0.6368460655212402 0.9991709589958191 0.7196395397186279 
19 0.5301151275634766 0.6392694711685181 0.5936177968978882 0.7214609980583191 
19 0.5271744132041931 0.6385544538497925 0.5957908630371094 0.7227336168289185 
29 0.5236297845840454 0.6371631622314453 0.6165903806686401 0.7211235761642456 
5 0.5275741815567017 0.6377049684524536 0.595355749130249 0.7225421667098999 
29 0.524844229221344 0.6362936496734619 0.6162478923797607 0.7238786220550537 
29 0.5258513689041138 0.63636714220047 0.6071449518203735 0.7234569787979126 
29 0.52906334400177 0.6389183402061462 0.5972766876220703 0.7216048240661621 
