47 0.5038905143737793 0.5144439935684204 0.9012671709060669 0.9622489213943481 
47 0.47720274329185486 0.3850303292274475 0.9469249248504639 0.770060658454895 
30 0.8014585971832275 0.6376470923423767 0.06302535533905029 0.18568992614746094 
22 0.5253183841705322 0.3875482678413391 0.9409509897232056 0.7706382870674133 
30 0.3569648861885071 0.684080958366394 0.5251953601837158 0.6259565353393555 
19 0.3557310700416565 0.6885817050933838 0.5281480550765991 0.6228365898132324 
30 0.35661885142326355 0.6871615648269653 0.526458203792572 0.6240118741989136 
30 0.35789725184440613 0.6865417957305908 0.5269532799720764 0.6240712404251099 
19 0.35701054334640503 0.6866332292556763 0.5293214321136475 0.6247687339782715 
19 0.5029915571212769 0.4095633924007416 0.887136697769165 0.7459472417831421 
