19 0.5303559303283691 0.36166051030158997 0.9260574579238892 0.7233210206031799 
19 0.42206475138664246 0.36496657133102417 0.769511342048645 0.7299331426620483 
19 0.8140836954116821 0.428933709859848 0.36828672885894775 0.5744376182556152 
19 0.42400088906288147 0.3649703562259674 0.7769731283187866 0.7266907691955566 
7 0.41976234316825867 0.3580494523048401 0.7810845375061035 0.7160989046096802 
29 0.8091355562210083 0.4315457046031952 0.36523211002349854 0.5740245580673218 
19 0.8111622929573059 0.42443886399269104 0.3749638795852661 0.5634075999259949 
30 0.8092523813247681 0.4229849874973297 0.37039244174957275 0.5637922883033752 
19 0.8069376945495605 0.4203518331050873 0.37117159366607666 0.5581479072570801 
30 0.8154635429382324 0.4310649335384369 0.3685779571533203 0.5721228122711182 
