29 0.3493485152721405 0.3653455078601837 0.691022515296936 0.7285097241401672 
30 0.5304322242736816 0.5590506196022034 0.30271098017692566 0.3525526523590088 
29 0.5304739475250244 0.5561643242835999 0.2933201491832733 0.3507828712463379 
7 0.5311937928199768 0.5542171597480774 0.2994496822357178 0.35831570625305176 
29 0.5328963398933411 0.5553610324859619 0.28209388256073 0.34235402941703796 
29 0.5614373087882996 0.4990192651748657 0.3585817813873291 0.4609098732471466 
30 0.5331057906150818 0.5543220639228821 0.28633248805999756 0.34332790970802307 
19 0.5325769782066345 0.5554777383804321 0.28886762261390686 0.3438926935195923 
29 0.3489849865436554 0.32417628169059753 0.6932947635650635 0.6467708349227905 
19 0.5340301990509033 0.5598834156990051 0.31141579151153564 0.3514493703842163 
