19 0.5005509257316589 0.49911850690841675 0.9988981485366821 0.9982370138168335 
47 0.6024469137191772 0.7140471935272217 0.7920512557029724 0.5690237283706665 
19 0.8522475361824036 0.6812459826469421 0.2922191619873047 0.5147621631622314 
30 0.43957823514938354 0.7245224118232727 0.4618939459323883 0.5435787439346313 
28 0.43354272842407227 0.7301962971687317 0.45087024569511414 0.531367301940918 
19 0.8571035861968994 0.6708577871322632 0.28313004970550537 0.5134450197219849 
49 0.4346505403518677 0.7302230596542358 0.4548218846321106 0.5327486991882324 
30 0.433915913105011 0.7323176860809326 0.45180052518844604 0.5300244092941284 
19 0.43084681034088135 0.7278842329978943 0.4528171718120575 0.5385637283325195 
29 0.434836208820343 0.7287114262580872 0.4522441327571869 0.5366765260696411 
