19 0.49745485186576843 0.49888876080513 0.9843204021453857 0.9965227842330933 
29 0.43250733613967896 0.4415479898452759 0.8520212173461914 0.7961544990539551 
29 0.445261150598526 0.4481692612171173 0.8878617286682129 0.8006510138511658 
19 0.4615226686000824 0.4476644992828369 0.9171551465988159 0.7990601062774658 
19 0.4436091482639313 0.44694772362709045 0.883185863494873 0.7955042123794556 
21 0.44734877347946167 0.4418918192386627 0.889835000038147 0.8040226697921753 
19 0.4336586892604828 0.4479595720767975 0.8653040528297424 0.7968825101852417 
19 0.4439258277416229 0.4497649669647217 0.8832708597183228 0.8038274049758911 
29 0.43921220302581787 0.44160133600234985 0.8779541850090027 0.8051718473434448 
29 0.43811360001564026 0.45213407278060913 0.8686652183532715 0.8107490539550781 
