30 0.5001958012580872 0.451404333114624 0.9996083974838257 0.902808666229248 
19 0.500372052192688 0.8771946430206299 0.9866859912872314 0.2366706132888794 
19 0.152881920337677 0.29535701870918274 0.20844469964504242 0.17554110288619995 
47 0.5080205202102661 0.8730913996696472 0.9771167039871216 0.24727511405944824 
29 0.5000723600387573 0.4548371136188507 0.9996554851531982 0.9096742272377014 
5 0.5128561854362488 0.8783996105194092 0.9626343250274658 0.23810696601867676 
19 0.49970006942749023 0.8717050552368164 0.9994001388549805 0.25337666273117065 
30 0.5001821517944336 0.44567903876304626 0.9996356964111328 0.8913580775260925 
19 0.5001695156097412 0.45033907890319824 0.9996609687805176 0.9006781578063965 
30 0.4999130666255951 0.4985578656196594 0.9986902475357056 0.9971157312393188 
