19 0.500472903251648 0.6303977966308594 0.9990543127059937 0.7357873320579529 
19 0.5727976560592651 0.47062963247299194 0.44220197200775146 0.41451573371887207 
30 0.5004075765609741 0.6298239827156067 0.999184787273407 0.7368098497390747 
30 0.5005046725273132 0.6312499046325684 0.9988452196121216 0.7375001907348633 
19 0.5004874467849731 0.6306589841842651 0.9990252256393433 0.7378472089767456 
30 0.5675644874572754 0.4643772840499878 0.4202423095703125 0.39746320247650146 
39 0.5675106644630432 0.46459442377090454 0.42033684253692627 0.39975595474243164 
30 0.5670214891433716 0.4631650447845459 0.41821134090423584 0.4000946283340454 
29 0.500424325466156 0.6837877631187439 0.999151349067688 0.6304658651351929 
23 0.5004302263259888 0.6836886405944824 0.9991394281387329 0.6326225996017456 
