19 0.8613693714141846 0.43086478114128113 0.27726131677627563 0.6018347144126892 
19 0.5031952857971191 0.5002384781837463 0.9936093688011169 0.9989739656448364 
19 0.8592004776000977 0.42669007182121277 0.2815990447998047 0.5943891406059265 
19 0.5156735777854919 0.5082165598869324 0.40765252709388733 0.6631056070327759 
19 0.5148743987083435 0.5069077014923096 0.4121006429195404 0.6635991334915161 
29 0.3593970835208893 0.4983113706111908 0.7172872424125671 0.9957464933395386 
19 0.5155513882637024 0.5102889537811279 0.4152330160140991 0.6718156337738037 
19 0.5117164254188538 0.5110048651695251 0.40296828746795654 0.6596246957778931 
29 0.512077808380127 0.5121108293533325 0.40384387969970703 0.6580129861831665 
19 0.5393516421318054 0.511652946472168 0.45872560143470764 0.6584570407867432 
