19 0.5004270076751709 0.4843771457672119 0.9991459250450134 0.7147982120513916 
30 0.4900543987751007 0.5177277326583862 0.29532259702682495 0.6443585157394409 
7 0.5489218235015869 0.538874626159668 0.4094221591949463 0.6841964721679688 
19 0.5003979206085205 0.49246665835380554 0.9992042183876038 0.6906589269638062 
30 0.41289904713630676 0.5312360525131226 0.44380122423171997 0.673274040222168 
29 0.4885464310646057 0.5165743827819824 0.28787922859191895 0.6403501033782959 
29 0.48878931999206543 0.5171643495559692 0.28849315643310547 0.6410108804702759 
42 0.4884713292121887 0.5204707980155945 0.2865692377090454 0.6453217267990112 
49 0.4899241626262665 0.5168081521987915 0.28591078519821167 0.6393240690231323 
19 0.4891943037509918 0.5180163383483887 0.2890562415122986 0.6426098346710205 
