28 0.4999522268772125 0.5334519147872925 0.9980897903442383 0.9055723547935486 
47 0.131139874458313 0.5907779335975647 0.1961187720298767 0.38943564891815186 
19 0.9048917293548584 0.6821230053901672 0.19021660089492798 0.177146315574646 
28 0.4991573393344879 0.7151697874069214 0.9958136081695557 0.5373153686523438 
30 0.49962204694747925 0.6909777522087097 0.9972854852676392 0.5874251127243042 
47 0.4995652735233307 0.5336401462554932 0.9964165687561035 0.9053316116333008 
30 0.4825960099697113 0.4218757748603821 0.5144221782684326 0.6816799640655518 
30 0.47976210713386536 0.4209512174129486 0.5292033553123474 0.6856297254562378 
39 0.47737327218055725 0.419898122549057 0.5300884246826172 0.6830065250396729 
19 0.4804227650165558 0.4204307794570923 0.5252506136894226 0.6842653751373291 
