30 0.737465500831604 0.8564825057983398 0.10057103633880615 0.27213728427886963 
30 0.49996161460876465 0.7412830591201782 0.999639630317688 0.5083162188529968 
30 0.49986496567726135 0.7442648410797119 0.99937903881073 0.4992435574531555 
30 0.49978941679000854 0.840575098991394 0.9995788335800171 0.30766916275024414 
30 0.8998605608940125 0.3800038695335388 0.19754254817962646 0.7600077390670776 
30 0.5027142763137817 0.8298384547233582 0.10736799240112305 0.29012346267700195 
30 0.5024455785751343 0.8296477198600769 0.1083236038684845 0.28848040103912354 
47 0.21027590334415436 0.36294859647750854 0.41023388504981995 0.7258971929550171 
30 0.4999038875102997 0.8468317985534668 0.9995182752609253 0.2949857711791992 
30 0.49990513920783997 0.8484223484992981 0.9994634985923767 0.2927767038345337 
