19 0.5007774829864502 0.49795061349868774 0.9984450936317444 0.9959012269973755 
19 0.578851044178009 0.5115394592285156 0.7900691032409668 0.968481183052063 
19 0.5644807815551758 0.5108495950698853 0.8085874319076538 0.9694454669952393 
19 0.5596415996551514 0.5107327699661255 0.7956678867340088 0.9689429998397827 
19 0.5638689994812012 0.5098512172698975 0.813379168510437 0.9730488061904907 
29 0.5665785074234009 0.5115599632263184 0.8089190721511841 0.9677181243896484 
29 0.5634050369262695 0.5125436186790466 0.795918345451355 0.9675066471099854 
19 0.5006855130195618 0.49833089113235474 0.9967327117919922 0.9947448968887329 
19 0.5774581432342529 0.5121051073074341 0.786227822303772 0.9677208662033081 
29 0.5781822204589844 0.5128328800201416 0.7825874090194702 0.9661648273468018 
