30 0.31746506690979004 0.43982893228530884 0.4571530818939209 0.8796578645706177 
19 0.4799118638038635 0.486579954624176 0.959823727607727 0.973159909248352 
19 0.5001976490020752 0.4635908305644989 0.9996046423912048 0.9271816611289978 
47 0.4903680384159088 0.4868142306804657 0.9685032367706299 0.9736284613609314 
19 0.3181086778640747 0.44030997157096863 0.4513465166091919 0.8806199431419373 
29 0.31879574060440063 0.4407963156700134 0.4479849338531494 0.8815926313400269 
29 0.32129383087158203 0.44204556941986084 0.4484880566596985 0.8840911388397217 
29 0.301105260848999 0.16101299226284027 0.2876579165458679 0.32198530435562134 
29 0.3183034360408783 0.43836238980293274 0.459184467792511 0.8760250210762024 
30 0.3208739757537842 0.44200369715690613 0.4448588192462921 0.8833878636360168 
