47 0.2276594042778015 0.8161055445671082 0.35966211557388306 0.3633396625518799 
47 0.5227662324905396 0.5821676254272461 0.9478999972343445 0.8316030502319336 
19 0.525971531867981 0.5796422958374023 0.9383572340011597 0.8282346725463867 
29 0.2319059520959854 0.8167555332183838 0.36834609508514404 0.3628859519958496 
19 0.5266260504722595 0.5814812183380127 0.9403302669525146 0.821129322052002 
30 0.5255387425422668 0.5802239179611206 0.938098669052124 0.8184522390365601 
30 0.5268646478652954 0.5807677507400513 0.9402267932891846 0.8230075836181641 
49 0.5251369476318359 0.578754186630249 0.9405884742736816 0.8286397457122803 
19 0.5251613855361938 0.5754762887954712 0.9402484893798828 0.8293929100036621 
30 0.23281778395175934 0.8121441006660461 0.36829039454460144 0.37040674686431885 
