19 0.5336443185806274 0.6570591926574707 0.40120628476142883 0.490983247756958 
7 0.42952999472618103 0.5445847511291504 0.8528482913970947 0.7272170782089233 
29 0.5299897193908691 0.6582624316215515 0.39371827244758606 0.4980323314666748 
29 0.49989941716194153 0.7014241218566895 0.9987181425094604 0.5851279497146606 
19 0.5306979417800903 0.6571652293205261 0.39821839332580566 0.49625682830810547 
7 0.5306434035301208 0.6593876481056213 0.39623260498046875 0.49689626693725586 
19 0.529822051525116 0.6588296890258789 0.4013478755950928 0.497234582901001 
29 0.5312022566795349 0.6612604856491089 0.3959801197052002 0.5007897615432739 
29 0.532029926776886 0.6568261384963989 0.40643176436424255 0.4971103370189667 
40 0.5322543978691101 0.6612843871116638 0.3965536653995514 0.49998247623443604 
