20 0.357901394367218 0.2676160931587219 0.3283573091030121 0.4722226858139038 
30 0.9641401171684265 0.624747633934021 0.06907474994659424 0.2546309232711792 
47 0.36316555738449097 0.26722460985183716 0.3412659764289856 0.4709059000015259 
47 0.2815784513950348 0.22242456674575806 0.32165735960006714 0.3871331214904785 
47 0.35004574060440063 0.10601974278688431 0.07118067145347595 0.10172568261623383 
30 0.3383471965789795 0.2190171629190445 0.21152645349502563 0.3829168975353241 
47 0.33877241611480713 0.220381960272789 0.2096308320760727 0.3836323618888855 
47 0.33650386333465576 0.21926258504390717 0.2086896300315857 0.37720924615859985 
47 0.3363414704799652 0.22317294776439667 0.21609026193618774 0.39774781465530396 
30 0.3529021143913269 0.258797824382782 0.32800206542015076 0.46759557723999023 
