20 0.2810494005680084 0.4585845172405243 0.4457628130912781 0.6790607571601868 
47 0.33971184492111206 0.45413610339164734 0.34781989455223083 0.6855877637863159 
47 0.34059497714042664 0.454618901014328 0.34574443101882935 0.6852302551269531 
19 0.33785998821258545 0.45762118697166443 0.34291112422943115 0.6881011724472046 
47 0.33403921127319336 0.4552678167819977 0.33165663480758667 0.6782890558242798 
19 0.3359096050262451 0.4581848084926605 0.33760973811149597 0.6780298948287964 
47 0.33729225397109985 0.4574960470199585 0.3333815038204193 0.6774502992630005 
29 0.33745455741882324 0.45627561211586 0.34048986434936523 0.6911135315895081 
19 0.33411943912506104 0.4540815055370331 0.33404093980789185 0.6787915229797363 
30 0.33913618326187134 0.4539385437965393 0.34343600273132324 0.686133623123169 
