19 0.4244261085987091 0.5124551057815552 0.6903108954429626 0.9688335657119751 
30 0.4221850633621216 0.5121099948883057 0.6856005787849426 0.9693562388420105 
47 0.48161575198173523 0.6746315956115723 0.5963377356529236 0.6389086246490479 
47 0.4801061451435089 0.6727645397186279 0.5809601545333862 0.6457012891769409 
20 0.48091864585876465 0.6765216588973999 0.5773204565048218 0.6405805349349976 
19 0.48006588220596313 0.6765153408050537 0.5764126777648926 0.6399792432785034 
49 0.48137983679771423 0.6759425401687622 0.5793765783309937 0.6424276828765869 
30 0.480919748544693 0.6759512424468994 0.5784111022949219 0.6431894302368164 
19 0.48004117608070374 0.6767895221710205 0.5827252864837646 0.6420542001724243 
19 0.4812857210636139 0.677448034286499 0.5725070834159851 0.6420373916625977 
