47 0.6602215766906738 0.47209012508392334 0.3704735040664673 0.9196661710739136 
47 0.2582361102104187 0.4384257197380066 0.3182559013366699 0.872438907623291 
30 0.500588059425354 0.4975655674934387 0.998823881149292 0.9951311349868774 
30 0.2610747218132019 0.43766990303993225 0.3041234612464905 0.8722065687179565 
47 0.25555145740509033 0.4308508038520813 0.30851513147354126 0.8617016077041626 
45 0.8149680495262146 0.6499351263046265 0.20736205577850342 0.558903694152832 
47 0.2560267448425293 0.4343883991241455 0.31444960832595825 0.862242579460144 
29 0.2548626661300659 0.4320984482765198 0.30950307846069336 0.8641968965530396 
29 0.8152499198913574 0.6496936082839966 0.20791399478912354 0.5455833673477173 
29 0.500495433807373 0.49742427468299866 0.9990090727806091 0.9948485493659973 
