19 0.511806845664978 0.5572112202644348 0.9386651515960693 0.872384786605835 
19 0.5113303661346436 0.553695797920227 0.9293184280395508 0.8783793449401855 
30 0.3507447838783264 0.49735864996910095 0.30274853110313416 0.7329841256141663 
29 0.3514058291912079 0.49757859110832214 0.29548782110214233 0.736318826675415 
39 0.5100789070129395 0.553300678730011 0.9353635311126709 0.881388783454895 
19 0.35079795122146606 0.4956248104572296 0.30104199051856995 0.7310947179794312 
29 0.34985339641571045 0.5048651695251465 0.27967095375061035 0.7258934378623962 
29 0.5128625631332397 0.5532817840576172 0.9299799203872681 0.8820019960403442 
29 0.3482588827610016 0.5065522193908691 0.28117966651916504 0.7244348526000977 
39 0.34547990560531616 0.5057636499404907 0.28846871852874756 0.7225527763366699 
