30 0.5006864070892334 0.5415526628494263 0.9986271858215332 0.9066765308380127 
30 0.5004410743713379 0.3186538815498352 0.9991177320480347 0.6373077630996704 
30 0.5004678964614868 0.3184104561805725 0.9990642070770264 0.636820912361145 
30 0.5005216598510742 0.5494204759597778 0.9987030029296875 0.8947597742080688 
30 0.5004492998123169 0.49644699692726135 0.999101459980011 0.9928939938545227 
49 0.8745754957199097 0.12381935864686966 0.25084900856018066 0.24763871729373932 
30 0.15255619585514069 0.21937628090381622 0.30511239171028137 0.43875256180763245 
30 0.8764463663101196 0.11772993206977844 0.24710726737976074 0.23545986413955688 
30 0.5 0.31537339091300964 1.0 0.6307467818260193 
30 0.5004534721374512 0.31541907787323 0.9990929961204529 0.63083815574646 
