30 0.14547908306121826 0.6193448901176453 0.2909581661224365 0.3819732367992401 
30 0.5000845193862915 0.7456650733947754 0.997414231300354 0.5012273788452148 
21 0.14588990807533264 0.6167631149291992 0.2917798161506653 0.3793342113494873 
21 0.8704273700714111 0.2786923050880432 0.2568248510360718 0.47008657455444336 
21 0.49957913160324097 0.710900068283081 0.9976709485054016 0.5666929483413696 
30 0.8263910412788391 0.37806856632232666 0.12574291229248047 0.4924038350582123 
30 0.4992726445198059 0.7115151882171631 0.9985452890396118 0.566365659236908 
30 0.8675596714019775 0.28043222427368164 0.2648806571960449 0.46977904438972473 
30 0.6165427565574646 0.5845596790313721 0.28177332878112793 0.1802046000957489 
19 0.1490275263786316 0.6146849393844604 0.2980550527572632 0.38160327076911926 
