21 0.45166531205177307 0.7090078592300415 0.30924683809280396 0.31374841928482056 
47 0.4333939552307129 0.7047485113143921 0.16297128796577454 0.2986326217651367 
47 0.4342530071735382 0.7051778435707092 0.1655835509300232 0.30239415168762207 
21 0.4998495280742645 0.7744920253753662 0.9990638494491577 0.4437035918235779 
20 0.43484506011009216 0.7040592432022095 0.1633097529411316 0.2974454164505005 
30 0.4353680908679962 0.7042049765586853 0.16742712259292603 0.3051053285598755 
19 0.43394866585731506 0.7055193185806274 0.16671377420425415 0.3034015893936157 
30 0.43389350175857544 0.7049348950386047 0.16820967197418213 0.3045377731323242 
20 0.49987366795539856 0.8282856345176697 0.999126136302948 0.33250367641448975 
30 0.5002429485321045 0.8208643198013306 0.9995140433311462 0.34061551094055176 
