47 0.5002714395523071 0.4998702108860016 0.9977579116821289 0.9968265295028687 
20 0.5001221895217896 0.49976062774658203 0.9979997873306274 0.9962900876998901 
47 0.5003882646560669 0.4994436204433441 0.9970675706863403 0.9954594969749451 
29 0.24050597846508026 0.6134716272354126 0.47075629234313965 0.5162116289138794 
30 0.5004540085792542 0.49894365668296814 0.9972413778305054 0.9967363476753235 
19 0.5001536011695862 0.4993511736392975 0.9958546161651611 0.995987057685852 
30 0.5004712343215942 0.4999181032180786 0.9981288909912109 0.9949127435684204 
29 0.5000121593475342 0.49981826543807983 0.998164176940918 0.9964476823806763 
30 0.7241848707199097 0.5731383562088013 0.4873366355895996 0.40083402395248413 
29 0.5005298852920532 0.4999212920665741 0.9989402294158936 0.9965283870697021 
