30 0.7649168968200684 0.4632401168346405 0.46662938594818115 0.7706419825553894 
30 0.7659702301025391 0.45886901021003723 0.465085506439209 0.7736076712608337 
19 0.5001274347305298 0.5321031808853149 0.9997451305389404 0.9239070415496826 
47 0.2918391525745392 0.667015790939331 0.5804175138473511 0.4793173670768738 
47 0.76523756980896 0.45947393774986267 0.4633229970932007 0.7745236158370972 
30 0.7628660798072815 0.45972684025764465 0.46637535095214844 0.781765341758728 
30 0.21895931661128998 0.5990924835205078 0.10450592637062073 0.33272266387939453 
30 0.21974575519561768 0.59713214635849 0.10450869798660278 0.33051812648773193 
30 0.14521953463554382 0.355166494846344 0.24358516931533813 0.710332989692688 
30 0.7671226263046265 0.4606102406978607 0.4617067575454712 0.7703553438186646 
