21 0.3778165280818939 0.6110458374023438 0.680971086025238 0.6335196495056152 
30 0.37164562940597534 0.6092435717582703 0.6729665994644165 0.6187649965286255 
30 0.5003738403320312 0.6045217514038086 0.9975353479385376 0.7822107076644897 
21 0.3714958131313324 0.6080875396728516 0.6710219383239746 0.6251562833786011 
30 0.5003706812858582 0.6035410165786743 0.9980435371398926 0.7832942008972168 
21 0.3785703480243683 0.6106727123260498 0.6760982275009155 0.6326631307601929 
30 0.5004022121429443 0.6057665348052979 0.9979300498962402 0.7835159301757812 
21 0.3716890215873718 0.6079009175300598 0.6742534637451172 0.6137114763259888 
21 0.3731037378311157 0.607839822769165 0.6719939708709717 0.62006676197052 
21 0.3710542619228363 0.6089006662368774 0.6705458164215088 0.6166094541549683 
