7 0.4650493562221527 0.4981849491596222 0.9287641048431396 0.9880928993225098 
47 0.36977359652519226 0.5084837675094604 0.7295626401901245 0.9759030342102051 
19 0.6816323399543762 0.5577688217163086 0.4339316785335541 0.8717553615570068 
30 0.6745462417602539 0.5628282427787781 0.4419752359390259 0.8659178018569946 
19 0.6945495009422302 0.5632593035697937 0.4650384187698364 0.867749035358429 
47 0.37407150864601135 0.5059804320335388 0.7479244470596313 0.972690224647522 
47 0.6949960589408875 0.5632108449935913 0.46784305572509766 0.8646467924118042 
19 0.6887955069541931 0.5649365186691284 0.4569571018218994 0.8639634847640991 
19 0.36893072724342346 0.5087034106254578 0.7277337312698364 0.9759659767150879 
19 0.36665740609169006 0.5087189674377441 0.7251893281936646 0.9751603603363037 
