30 0.35659509897232056 0.556524395942688 0.6943928003311157 0.8806322813034058 
30 0.37357497215270996 0.41465088725090027 0.6533675193786621 0.5926114320755005 
30 0.37693628668785095 0.41850724816322327 0.6637108325958252 0.602738618850708 
30 0.8824593424797058 0.3840206265449524 0.23508131504058838 0.3748112916946411 
30 0.8817713856697083 0.38415610790252686 0.2364572286605835 0.38028043508529663 
30 0.3726419508457184 0.4126628041267395 0.6535682678222656 0.5964233875274658 
30 0.3728519380092621 0.41231945157051086 0.660668671131134 0.5971786975860596 
20 0.4221486747264862 0.5003316402435303 0.7758514881134033 0.9991284608840942 
30 0.8345673084259033 0.5001752376556396 0.32460731267929077 0.9989858865737915 
30 0.42087307572364807 0.5006033182144165 0.7817292213439941 0.998793363571167 
