30 0.499790757894516 0.8185174465179443 0.9991348385810852 0.3592591881752014 
30 0.49983078241348267 0.817882776260376 0.9993106126785278 0.36206477880477905 
19 0.44774681329727173 0.6719101667404175 0.35161566734313965 0.6452349424362183 
29 0.6853300333023071 0.5087611675262451 0.42194128036499023 0.9768882989883423 
30 0.49977800250053406 0.8170746564865112 0.9991263747215271 0.35954177379608154 
28 0.4470539391040802 0.6725226640701294 0.3515104651451111 0.6459392309188843 
30 0.500069260597229 0.4979470372200012 0.9998614192008972 0.9958940744400024 
30 0.499761164188385 0.815987229347229 0.9989033937454224 0.35910701751708984 
0 0.6835273504257202 0.5091347098350525 0.42387616634368896 0.9817305207252502 
30 0.4998650848865509 0.818885326385498 0.9967873096466064 0.3585960865020752 
