19 0.15915147960186005 0.5473402738571167 0.3183029592037201 0.7607238292694092 
47 0.4901372194290161 0.5309473872184753 0.7090962529182434 0.7978461980819702 
47 0.48983633518218994 0.5282591581344604 0.7021801471710205 0.8030518293380737 
47 0.5348211526870728 0.5060932040214539 0.6392162442207336 0.7577581405639648 
19 0.5312719345092773 0.5058842301368713 0.6268953084945679 0.7674241065979004 
19 0.2303878664970398 0.549056351184845 0.18469418585300446 0.7715543508529663 
19 0.5345712900161743 0.5056832432746887 0.640949010848999 0.7642594575881958 
47 0.529015302658081 0.5067573189735413 0.6286332607269287 0.7691683769226074 
19 0.23079580068588257 0.5493550300598145 0.18192030489444733 0.7675635814666748 
19 0.23011414706707 0.5461670160293579 0.18119069933891296 0.7641042470932007 
