20 0.43636465072631836 0.4904364049434662 0.38785433769226074 0.9808728098869324 
19 0.43620091676712036 0.48919522762298584 0.3903307616710663 0.9783904552459717 
32 0.49984210729599 0.4982829988002777 0.25667035579681396 0.9665278196334839 
10 0.4985901713371277 0.4982215464115143 0.2596168518066406 0.9686605334281921 
10 0.499639093875885 0.4986918866634369 0.25749650597572327 0.9694697260856628 
19 0.5064079165458679 0.4984581470489502 0.2586757242679596 0.9724758863449097 
19 0.5013747811317444 0.49959227442741394 0.2627072334289551 0.9672398567199707 
19 0.49893248081207275 0.4983263909816742 0.2595472037792206 0.9656839966773987 
29 0.5073456168174744 0.5008822679519653 0.2633960247039795 0.9677566289901733 
29 0.5117539167404175 0.49996739625930786 0.28266632556915283 0.965242862701416 
