21 0.5008578300476074 0.49660181999206543 0.9982843399047852 0.8283929824829102 
21 0.5006174445152283 0.504950225353241 0.9974875450134277 0.8144136667251587 
21 0.5006687641143799 0.5044234991073608 0.998011589050293 0.8168008327484131 
21 0.5005963444709778 0.5041987895965576 0.9981441497802734 0.8131113052368164 
19 0.500351071357727 0.5436841249465942 0.9992977976799011 0.905951738357544 
30 0.5005726218223572 0.5138716697692871 0.9981133937835693 0.794542670249939 
30 0.5006281137466431 0.5081855058670044 0.9987437725067139 0.8044896125793457 
21 0.5008445382118225 0.5019186735153198 0.998310923576355 0.8335429430007935 
21 0.5005908012390137 0.5032281875610352 0.998298168182373 0.813151478767395 
21 0.5005122423171997 0.5066340565681458 0.9964934587478638 0.809900164604187 
