30 0.5005443692207336 0.3268040716648102 0.9975115060806274 0.6536081433296204 
30 0.5003682374954224 0.2728980481624603 0.9978857040405273 0.5457960963249207 
30 0.5001314878463745 0.26918214559555054 0.9971935749053955 0.5383642911911011 
30 0.500415563583374 0.4209352731704712 0.9981961250305176 0.8418705463409424 
19 0.5004754066467285 0.2729688286781311 0.9981316328048706 0.5459376573562622 
30 0.5001412630081177 0.6054028272628784 0.9938782453536987 0.5158821940422058 
19 0.4393896162509918 0.5034993886947632 0.5834732055664062 0.302425742149353 
22 0.500491738319397 0.2702929675579071 0.9980536699295044 0.5405859351158142 
30 0.5004551410675049 0.2720640301704407 0.9972716569900513 0.5441280603408813 
30 0.028855958953499794 0.5244777798652649 0.05458680912852287 0.12846148014068604 
