19 0.5292172431945801 0.5700775384902954 0.6305359601974487 0.7768152952194214 
47 0.531913161277771 0.5719214677810669 0.6222811937332153 0.7733104228973389 
47 0.5332330465316772 0.5713319778442383 0.6237162351608276 0.7713048458099365 
47 0.5282312631607056 0.5769737958908081 0.616702675819397 0.7741098403930664 
47 0.5294994115829468 0.5794622898101807 0.6188434362411499 0.7767810821533203 
39 0.5002549886703491 0.589735746383667 0.997573733329773 0.8144327402114868 
39 0.529205322265625 0.5752053260803223 0.6156365871429443 0.7730327844619751 
19 0.5319737195968628 0.572115421295166 0.6228125095367432 0.7706608772277832 
30 0.5327284336090088 0.5721944570541382 0.620139479637146 0.771660327911377 
19 0.5322452783584595 0.5724691152572632 0.6238536834716797 0.771011471748352 
