47 0.4692915976047516 0.4972321391105652 0.924391508102417 0.9944642782211304 
47 0.6796971559524536 0.5886110067367554 0.6406056880950928 0.8143622875213623 
19 0.12963233888149261 0.6305482983589172 0.2563243806362152 0.7338980436325073 
19 0.6801315546035767 0.5894743204116821 0.6378822326660156 0.8151205778121948 
19 0.4382557272911072 0.6503398418426514 0.28808674216270447 0.6952201128005981 
47 0.6757165193557739 0.5851930379867554 0.6376882791519165 0.820324718952179 
19 0.16481982171535492 0.6279270648956299 0.325398713350296 0.7354686260223389 
47 0.6741989850997925 0.588829755783081 0.6432209014892578 0.8148180246353149 
30 0.12248972058296204 0.630944013595581 0.24431109428405762 0.7344549894332886 
30 0.2778753936290741 0.6219543218612671 0.4092938303947449 0.7533226013183594 
