19 0.27398017048835754 0.6491732597351074 0.1835860162973404 0.2296689748764038 
19 0.6180180907249451 0.6050642728805542 0.2570211887359619 0.47498786449432373 
19 0.6188035011291504 0.6054516434669495 0.25294268131256104 0.4703606069087982 
19 0.61879563331604 0.6064833998680115 0.25204113125801086 0.4710749685764313 
19 0.6180803775787354 0.6096343994140625 0.24149402976036072 0.46327805519104004 
29 0.6150431632995605 0.6104570031166077 0.23928821086883545 0.46121254563331604 
19 0.6165446639060974 0.6056801080703735 0.25336623191833496 0.4715867042541504 
29 0.6159851551055908 0.609950602054596 0.23925864696502686 0.46148836612701416 
29 0.26972371339797974 0.6495215892791748 0.18564735352993011 0.22963106632232666 
29 0.271456241607666 0.6493704915046692 0.17426644265651703 0.2305072546005249 
