20 0.5585823059082031 0.4852048456668854 0.3808870315551758 0.6379077434539795 
7 0.5646870732307434 0.531674325466156 0.3671788275241852 0.552090048789978 
19 0.5002971887588501 0.40678921341896057 0.9994057416915894 0.8111023902893066 
47 0.5601833462715149 0.5339593887329102 0.37954139709472656 0.5434757471084595 
47 0.5588883757591248 0.5342360734939575 0.3803006410598755 0.5430625677108765 
47 0.5618518590927124 0.5324338674545288 0.37005043029785156 0.5563184022903442 
30 0.5599851012229919 0.5342471599578857 0.3822038173675537 0.5417177677154541 
29 0.559576153755188 0.5340065360069275 0.379777193069458 0.538907527923584 
30 0.5609047412872314 0.5325155258178711 0.3809190094470978 0.5457491874694824 
19 0.5601931810379028 0.534226655960083 0.3764173686504364 0.5409001111984253 
