19 0.4462069272994995 0.4986976683139801 0.8916411399841309 0.9973953366279602 
19 0.6705316305160522 0.8103396892547607 0.4797816276550293 0.35610461235046387 
29 0.30808037519454956 0.49901488423347473 0.44495689868927 0.5618753433227539 
24 0.703201413154602 0.6857006549835205 0.5921615362167358 0.6241753101348877 
28 0.8050559163093567 0.6918473243713379 0.37818872928619385 0.6140537261962891 
30 0.7374520301818848 0.3961615264415741 0.5246437788009644 0.728533923625946 
30 0.3478921353816986 0.4980153739452362 0.6779764294624329 0.9960307478904724 
29 0.736089289188385 0.5170986652374268 0.5177513360977173 0.9517319798469543 
29 0.7379893064498901 0.3984234035015106 0.519131064414978 0.7098914384841919 
29 0.5451427698135376 0.39784035086631775 0.9007552266120911 0.7168939709663391 
