19 0.3190612196922302 0.48173046112060547 0.6281313896179199 0.8704242706298828 
19 0.4795273542404175 0.6910760998725891 0.3283604383468628 0.4233047068119049 
19 0.6018224954605103 0.43043994903564453 0.7827461361885071 0.7920283079147339 
19 0.6090800166130066 0.43310657143592834 0.7646129131317139 0.7933403253555298 
19 0.6164937019348145 0.43516162037849426 0.7646791934967041 0.7804667353630066 
29 0.6122363805770874 0.4417742192745209 0.770740270614624 0.794243574142456 
29 0.6150160431861877 0.4454295337200165 0.765326976776123 0.8019088506698608 
19 0.3181556165218353 0.7046005725860596 0.6276932954788208 0.43512198328971863 
19 0.6086443662643433 0.42677050828933716 0.7657455205917358 0.7863951921463013 
29 0.6145573854446411 0.441918283700943 0.7678893804550171 0.7896096706390381 
