19 0.5004095435142517 0.4986456632614136 0.9991809129714966 0.9972913265228271 
47 0.46395382285118103 0.572869062423706 0.4562233090400696 0.8490686416625977 
19 0.5003339052200317 0.49826520681381226 0.9993321299552917 0.9965304136276245 
42 0.4997537136077881 0.4553213119506836 0.9994221925735474 0.9106426239013672 
20 0.46049726009368896 0.5706225037574768 0.45691025257110596 0.8483946323394775 
19 0.4603511095046997 0.573357105255127 0.45333170890808105 0.8506472110748291 
30 0.4652203917503357 0.5724738240242004 0.4601084291934967 0.8518170118331909 
47 0.461597204208374 0.5729415416717529 0.4565114974975586 0.8502035140991211 
19 0.46332818269729614 0.5742620229721069 0.45645037293434143 0.8500838279724121 
30 0.462074875831604 0.5722699165344238 0.45380330085754395 0.8536723256111145 
