19 0.4953710734844208 0.5053908824920654 0.9782924056053162 0.9764728546142578 
47 0.4975866377353668 0.5009571313858032 0.9844436645507812 0.9858763217926025 
19 0.4951801896095276 0.5068268775939941 0.9775700569152832 0.9731709957122803 
19 0.4945412278175354 0.5063455104827881 0.9758676290512085 0.9846858978271484 
19 0.4953642189502716 0.5066934823989868 0.9798134565353394 0.9737616777420044 
29 0.49666211009025574 0.5031410455703735 0.9814633131027222 0.9809185862541199 
29 0.4968527853488922 0.5002467036247253 0.9746290445327759 0.9841064214706421 
7 0.49874570965766907 0.5037134885787964 0.9866828322410583 0.9783244132995605 
29 0.4938555657863617 0.5003615617752075 0.9847007393836975 0.9850106239318848 
29 0.4961365759372711 0.500709056854248 0.974908709526062 0.985505223274231 
