19 0.411937415599823 0.4834482967853546 0.691832423210144 0.905034065246582 
19 0.4106868505477905 0.4851289689540863 0.6898021697998047 0.9071211814880371 
19 0.4092777669429779 0.48237499594688416 0.6857492923736572 0.9011733531951904 
29 0.5013910531997681 0.49955299496650696 0.993484377861023 0.9933220744132996 
19 0.4093482792377472 0.4858314096927643 0.686774492263794 0.9072068333625793 
29 0.40459945797920227 0.4867583215236664 0.6878705620765686 0.900075376033783 
19 0.4076448380947113 0.4862772226333618 0.6945661902427673 0.9002233743667603 
19 0.4116506278514862 0.48525509238243103 0.6944438815116882 0.9056662321090698 
19 0.4057455360889435 0.4882395565509796 0.6838971972465515 0.9051946997642517 
19 0.4056200087070465 0.4856448471546173 0.6862835884094238 0.9027324914932251 
