47 0.6416237354278564 0.4793936610221863 0.5900512337684631 0.7089471220970154 
20 0.7144565582275391 0.5116757750511169 0.4426431953907013 0.6398904323577881 
47 0.3814438581466675 0.5023840069770813 0.2453303337097168 0.7591279149055481 
47 0.14154671132564545 0.5461393594741821 0.2830934226512909 0.7780992984771729 
47 0.14044487476348877 0.5427638292312622 0.28088974952697754 0.7751322984695435 
47 0.9151483774185181 0.5106229186058044 0.16650044918060303 0.17185726761817932 
20 0.38139188289642334 0.517659068107605 0.24431338906288147 0.7312637567520142 
47 0.7126092314720154 0.5135143995285034 0.4500018358230591 0.6444170475006104 
47 0.14234918355941772 0.5440936088562012 0.28469836711883545 0.7775230407714844 
19 0.3813289701938629 0.5174068212509155 0.2436869740486145 0.7305382490158081 
