47 0.5006275177001953 0.14308962225914001 0.9987449645996094 0.28617924451828003 
47 0.7844724059104919 0.4377109706401825 0.18217456340789795 0.6909199953079224 
19 0.500216543674469 0.43983015418052673 0.999566912651062 0.6921144723892212 
30 0.7843000888824463 0.4390927851200104 0.17794644832611084 0.698436975479126 
47 0.7830953001976013 0.43775132298469543 0.17766809463500977 0.695151686668396 
30 0.7813923358917236 0.4395434558391571 0.18006479740142822 0.6865291595458984 
7 0.7804320454597473 0.44058772921562195 0.1766263246536255 0.6864801645278931 
47 0.8059760928153992 0.3036007285118103 0.12832772731781006 0.23224776983261108 
30 0.7805989384651184 0.43783631920814514 0.18383634090423584 0.6885210275650024 
19 0.7793028950691223 0.4392499029636383 0.17675423622131348 0.6867308616638184 
