47 0.22001014649868011 0.3998703062534332 0.3817562460899353 0.7767710089683533 
30 0.5000958442687988 0.6319535970687866 0.9993743896484375 0.7293375730514526 
29 0.5000599026679993 0.7641070485115051 0.9992891550064087 0.4629627466201782 
30 0.33850306272506714 0.3375556468963623 0.12650328874588013 0.170670747756958 
30 0.2187650352716446 0.402769535779953 0.37775731086730957 0.7757114171981812 
19 0.5001175403594971 0.7659329771995544 0.9993478059768677 0.4618051052093506 
21 0.5001319646835327 0.7666862607002258 0.9994362592697144 0.4614020586013794 
7 0.21964700520038605 0.4024450480937958 0.3834459185600281 0.7844043374061584 
30 0.5001182556152344 0.6148800849914551 0.9993418455123901 0.763672411441803 
30 0.219957634806633 0.409762442111969 0.38134416937828064 0.7982280254364014 
