30 0.44914498925209045 0.39928704500198364 0.573125958442688 0.6401373147964478 
30 0.45303818583488464 0.3996322453022003 0.5695374011993408 0.6128320693969727 
30 0.45323339104652405 0.4003409445285797 0.5698871612548828 0.6155900955200195 
30 0.4501098096370697 0.4020319879055023 0.5773645639419556 0.6381343007087708 
19 0.45056888461112976 0.40118613839149475 0.5709801912307739 0.6364823579788208 
19 0.45035305619239807 0.40218642354011536 0.5755358934402466 0.6403412222862244 
30 0.4489823281764984 0.4015594720840454 0.5775057077407837 0.6358846426010132 
28 0.579630970954895 0.40214481949806213 0.8359322547912598 0.6419788599014282 
30 0.4524121582508087 0.40030306577682495 0.5653151273727417 0.6127270460128784 
19 0.45396682620048523 0.39895394444465637 0.5736746191978455 0.612991213798523 
