19 0.34275346994400024 0.6223605871200562 0.1959063708782196 0.4616768956184387 
19 0.6319525837898254 0.5549966096878052 0.387383371591568 0.6443537473678589 
19 0.6319465637207031 0.5546804070472717 0.39570319652557373 0.6495528221130371 
29 0.6312572956085205 0.556002140045166 0.3888516128063202 0.6420279741287231 
29 0.3726549744606018 0.6191346049308777 0.2715853750705719 0.4869648218154907 
29 0.6305831074714661 0.552373468875885 0.3762432038784027 0.6264909505844116 
29 0.6299243569374084 0.5547463297843933 0.37802088260650635 0.622774600982666 
19 0.33856552839279175 0.6225640773773193 0.18893283605575562 0.46097204089164734 
29 0.6318904161453247 0.5545737743377686 0.3930375874042511 0.6493690013885498 
19 0.62968909740448 0.5555893182754517 0.37598755955696106 0.6244915723800659 
