21 0.54457026720047 0.5527448654174805 0.16632425785064697 0.2779915928840637 
30 0.5461307764053345 0.5505286455154419 0.1481475830078125 0.26693809032440186 
47 0.5585233569145203 0.5526940226554871 0.12629270553588867 0.26717400550842285 
21 0.5533919334411621 0.5492206811904907 0.1337350308895111 0.26761385798454285 
47 0.5538522601127625 0.5506336092948914 0.13347485661506653 0.2684982717037201 
21 0.5004235506057739 0.5889012813568115 0.9991528391838074 0.8069303035736084 
30 0.5004771947860718 0.5918437242507935 0.999045729637146 0.804969072341919 
20 0.5005358457565308 0.5898604393005371 0.9989283084869385 0.8087494373321533 
11 0.5004633665084839 0.5935795307159424 0.9990732669830322 0.8036124110221863 
30 0.15475687384605408 0.3526352345943451 0.30951374769210815 0.7052704691886902 
