21 0.5175637006759644 0.6375858783721924 0.5829145908355713 0.5474462509155273 
21 0.480689138174057 0.4886056184768677 0.7413623929023743 0.762047529220581 
30 0.49984121322631836 0.676160454750061 0.9990167617797852 0.6347330808639526 
21 0.49975261092185974 0.68113774061203 0.9995052218437195 0.6298569440841675 
21 0.4622802138328552 0.4985288679599762 0.6940115690231323 0.8337856531143188 
42 0.499740868806839 0.6785855293273926 0.9994010925292969 0.6322124600410461 
39 0.519027054309845 0.6369640827178955 0.5828884840011597 0.5551891326904297 
21 0.48333069682121277 0.49686118960380554 0.7500849962234497 0.8388737440109253 
21 0.4830586016178131 0.5015401840209961 0.7439067959785461 0.8296799659729004 
21 0.5152726173400879 0.5300790667533875 0.5978422164916992 0.7619146108627319 
