19 0.5004717111587524 0.6470993757247925 0.9990565776824951 0.6929781436920166 
29 0.3629482388496399 0.4896599352359772 0.7258964776992798 0.9793198704719543 
39 0.5003331303596497 0.49473387002944946 0.9993337392807007 0.9894677400588989 
7 0.5003507137298584 0.5106757879257202 0.998921275138855 0.9654197692871094 
30 0.16806699335575104 0.18787136673927307 0.3361339867115021 0.37574273347854614 
30 0.3021080493927002 0.19053751230239868 0.17346090078353882 0.24520212411880493 
39 0.5004012584686279 0.648334264755249 0.9991974234580994 0.7000317573547363 
19 0.5270271897315979 0.7909630537033081 0.4054110050201416 0.36295759677886963 
30 0.5271075367927551 0.808271050453186 0.4043154716491699 0.35495972633361816 
30 0.500363826751709 0.5073856115341187 0.9988585710525513 0.9697387218475342 
