47 0.7556225061416626 0.5527892112731934 0.17064166069030762 0.4115034341812134 
47 0.6809626221656799 0.5223422050476074 0.30597543716430664 0.4519878327846527 
30 0.7524058818817139 0.5378356575965881 0.1574246883392334 0.3854966163635254 
37 0.34031522274017334 0.4125223755836487 0.20785507559776306 0.313109427690506 
30 0.17724862694740295 0.36243706941604614 0.1290995478630066 0.29183855652809143 
30 0.5000834465026855 0.7105191946029663 0.997901201248169 0.5587509870529175 
30 0.17492973804473877 0.36536872386932373 0.1297963559627533 0.28896990418434143 
30 0.7536419630050659 0.5381118655204773 0.15740835666656494 0.3858541250228882 
37 0.753937304019928 0.4550093412399292 0.15770280361175537 0.5522456169128418 
37 0.17501969635486603 0.35488787293434143 0.10656288266181946 0.2659450173377991 
