30 0.7527477145195007 0.2268737554550171 0.4848729372024536 0.4537475109100342 
21 0.7453770041465759 0.22547481954097748 0.4784235954284668 0.4490322470664978 
30 0.4722994565963745 0.6443163156509399 0.8182947635650635 0.5333149433135986 
47 0.4792575538158417 0.635258674621582 0.8128355145454407 0.5544096231460571 
21 0.5001550912857056 0.7338390350341797 0.997805118560791 0.5171685218811035 
42 0.3351019620895386 0.2820185124874115 0.37829139828681946 0.5638942718505859 
19 0.47982215881347656 0.6398683786392212 0.8251349925994873 0.5504395365715027 
20 0.7532291412353516 0.22512854635715485 0.4861409664154053 0.44435447454452515 
42 0.47656166553497314 0.6611995697021484 0.8095842599868774 0.4963092505931854 
21 0.44162532687187195 0.3896952271461487 0.5093910098075867 0.6777902841567993 
