47 0.5850708484649658 0.5632010102272034 0.44918811321258545 0.8639830350875854 
21 0.14274492859840393 0.9085500240325928 0.2771744728088379 0.1797175407409668 
13 0.5840509533882141 0.5642521381378174 0.4476395547389984 0.8608686923980713 
47 0.21082636713981628 0.900659441947937 0.4102545976638794 0.19238710403442383 
13 0.5844616889953613 0.5650947093963623 0.4468456506729126 0.8623111248016357 
19 0.5834554433822632 0.5638601779937744 0.44796884059906006 0.8639461994171143 
21 0.5835072994232178 0.5649622678756714 0.4487416744232178 0.8610626459121704 
21 0.584662675857544 0.5646112561225891 0.4479426145553589 0.8629432916641235 
30 0.5823215246200562 0.5644557476043701 0.45050859451293945 0.8626039028167725 
20 0.5852801203727722 0.5642319321632385 0.44559967517852783 0.8623712062835693 
