47 0.25406119227409363 0.4952681362628937 0.4746474027633667 0.9185834527015686 
47 0.5006555318832397 0.5017454624176025 0.9986889958381653 0.9897744059562683 
20 0.2552740275859833 0.5001146197319031 0.5053740739822388 0.9344069957733154 
19 0.25162383913993835 0.4963115155696869 0.4672536253929138 0.9224333763122559 
47 0.5006076097488403 0.4946434795856476 0.9987847805023193 0.9892869591712952 
29 0.24578504264354706 0.4978379011154175 0.4841075539588928 0.9336984157562256 
39 0.2470419555902481 0.49897536635398865 0.484107106924057 0.9313319325447083 
47 0.6759960651397705 0.637176513671875 0.6213810443878174 0.7065650224685669 
29 0.24715255200862885 0.4998660385608673 0.4873753786087036 0.9337539076805115 
30 0.2525525689125061 0.49504145979881287 0.4716445207595825 0.9240003228187561 
