19 0.7332251667976379 0.5528913140296936 0.36256909370422363 0.4860941171646118 
19 0.7357605695724487 0.5523875951766968 0.36107587814331055 0.48342084884643555 
19 0.7357606887817383 0.5507504940032959 0.3610503673553467 0.48544275760650635 
29 0.7284988760948181 0.5573904514312744 0.3618263006210327 0.47995638847351074 
29 0.7286034822463989 0.5567887425422668 0.36031174659729004 0.47218409180641174 
29 0.7344503998756409 0.5527889132499695 0.3629462718963623 0.48449552059173584 
19 0.7300859093666077 0.5573475360870361 0.3592149019241333 0.47135794162750244 
29 0.7310773134231567 0.5568038821220398 0.36649471521377563 0.476090669631958 
29 0.734828531742096 0.5517337322235107 0.3603585958480835 0.4845212697982788 
19 0.7292486429214478 0.5572424530982971 0.36902451515197754 0.48160338401794434 
