19 0.5130506753921509 0.7104228138923645 0.82076096534729 0.5692969560623169 
47 0.33571183681488037 0.4783019423484802 0.3834463357925415 0.6905471086502075 
30 0.512191891670227 0.6937375664710999 0.8301371335983276 0.6061434745788574 
39 0.5118468999862671 0.5663133859634399 0.8210539817810059 0.8617688417434692 
5 0.3535950779914856 0.4143633246421814 0.34830230474472046 0.5558586120605469 
47 0.3511608839035034 0.4119327962398529 0.3473147749900818 0.5562860369682312 
30 0.3524692952632904 0.4129164218902588 0.3465157151222229 0.5568149089813232 
29 0.35286784172058105 0.4141915440559387 0.35096001625061035 0.5654617547988892 
47 0.35417452454566956 0.4154893159866333 0.3500804305076599 0.5601600408554077 
29 0.35087209939956665 0.41288718581199646 0.34853625297546387 0.5581119060516357 
