47 0.5005258321762085 0.4990588128566742 0.9988769292831421 0.9967375993728638 
19 0.5005151033401489 0.49943289160728455 0.9978840351104736 0.9945718050003052 
19 0.6368287801742554 0.6786437034606934 0.7263424396514893 0.6419196128845215 
19 0.5004385113716125 0.49911025166511536 0.9988589286804199 0.9962260723114014 
30 0.5006144642829895 0.4988649785518646 0.9981439113616943 0.9947943091392517 
29 0.5006229877471924 0.4992208778858185 0.9983628988265991 0.9959176182746887 
47 0.6369781494140625 0.6735209226608276 0.7253564596176147 0.6522375345230103 
49 0.5005404949188232 0.4992974102497101 0.9980602264404297 0.9953728318214417 
19 0.6396891474723816 0.6746940612792969 0.7206217050552368 0.6499444246292114 
29 0.6413048505783081 0.675524115562439 0.7173903584480286 0.6489517688751221 
