47 0.22866103053092957 0.49623292684555054 0.11835110187530518 0.6341911554336548 
47 0.7628306150436401 0.24576349556446075 0.09022235870361328 0.11592838168144226 
47 0.277793288230896 0.5391871929168701 0.23533771932125092 0.65766441822052 
47 0.7596086859703064 0.5226002931594849 0.15857553482055664 0.6732758283615112 
47 0.49523550271987915 0.5905092358589172 0.9887646436691284 0.806381344795227 
20 0.47239387035369873 0.4075809717178345 0.18162786960601807 0.3222702145576477 
19 0.3044460713863373 0.5441448092460632 0.20168030261993408 0.6487109661102295 
47 0.29413148760795593 0.5405369997024536 0.19956989586353302 0.6557999849319458 
20 0.7579146027565002 0.5216476917266846 0.15911900997161865 0.6720452308654785 
47 0.7606412172317505 0.5212947130203247 0.15761399269104004 0.6702795028686523 
