19 0.5003795027732849 0.5564231872558594 0.9992409944534302 0.8871536254882812 
30 0.4713493585586548 0.6797240972518921 0.928607702255249 0.45037949085235596 
30 0.46617165207862854 0.6715832352638245 0.916904091835022 0.4313567578792572 
19 0.5003708600997925 0.5585167407989502 0.9992582201957703 0.8794742822647095 
19 0.5003935098648071 0.5560812950134277 0.999212920665741 0.8856368064880371 
30 0.4717552363872528 0.6778658032417297 0.9128786325454712 0.43894362449645996 
19 0.4706838130950928 0.682536244392395 0.9134280681610107 0.43748193979263306 
29 0.47067567706108093 0.6802418828010559 0.9088932871818542 0.43837034702301025 
29 0.4708881080150604 0.6343352794647217 0.9092923998832703 0.5267091393470764 
25 0.46788719296455383 0.6686116456985474 0.920005202293396 0.4438861608505249 
