30 0.5869218111038208 0.5165778398513794 0.5760314464569092 0.8993698358535767 
30 0.5867780447006226 0.5166205763816833 0.5801799297332764 0.9010589122772217 
30 0.5005598068237305 0.535962700843811 0.9889709949493408 0.9124912619590759 
30 0.5839858055114746 0.5212254524230957 0.557601809501648 0.8742305040359497 
28 0.5888914465904236 0.516658365726471 0.5863208770751953 0.899964451789856 
30 0.5866614580154419 0.5134205222129822 0.5787980556488037 0.8979361057281494 
19 0.5877560973167419 0.5149613618850708 0.5795668363571167 0.8942373991012573 
30 0.5875613689422607 0.5132749080657959 0.5839618444442749 0.9045732021331787 
30 0.5873826742172241 0.5162405371665955 0.5844197273254395 0.896416187286377 
30 0.586102306842804 0.5161675214767456 0.5796647071838379 0.8925161361694336 
