29 0.36421096324920654 0.5714945793151855 0.7155816555023193 0.8513092994689941 
19 0.3837648332118988 0.5319574475288391 0.7600458860397339 0.9273234605789185 
19 0.38167712092399597 0.5540000200271606 0.7573676109313965 0.8733676671981812 
29 0.36225470900535583 0.5584042072296143 0.717100203037262 0.8630701303482056 
29 0.3750072419643402 0.548480212688446 0.7428544163703918 0.884781002998352 
47 0.36930200457572937 0.5713088512420654 0.727611780166626 0.8499279022216797 
19 0.43256738781929016 0.33400794863700867 0.760360836982727 0.6551830768585205 
29 0.3646111786365509 0.573917031288147 0.7148804068565369 0.8499976396560669 
19 0.3658002018928528 0.5594525337219238 0.7306925058364868 0.8645062446594238 
30 0.41821029782295227 0.4971625804901123 0.8153563737869263 0.9943251609802246 
