20 0.7089993357658386 0.5824862718582153 0.3159372806549072 0.4327964186668396 
47 0.7127376794815063 0.5840705633163452 0.3143584728240967 0.43156200647354126 
42 0.7155361175537109 0.6210070252418518 0.19094252586364746 0.3603236675262451 
20 0.7575256824493408 0.5183528661727905 0.409273624420166 0.29607683420181274 
47 0.06743253767490387 0.5231940150260925 0.089448943734169 0.16183748841285706 
32 0.2874745726585388 0.54527747631073 0.10841113328933716 0.19777202606201172 
47 0.7166045308113098 0.6209483742713928 0.1893831491470337 0.360071063041687 
20 0.06937642395496368 0.522494375705719 0.09081339836120605 0.1629573106765747 
47 0.7141597270965576 0.5840725898742676 0.31978821754455566 0.4331875443458557 
47 0.06835111975669861 0.5218459367752075 0.08946514129638672 0.16097748279571533 
