47 0.6217926144599915 0.4871935248374939 0.378157377243042 0.9516783952713013 
47 0.6239656209945679 0.4888215661048889 0.37286627292633057 0.9480401277542114 
47 0.2717198133468628 0.49789050221443176 0.3631059527397156 0.9363260269165039 
47 0.2718750834465027 0.49444112181663513 0.3563663363456726 0.924457311630249 
30 0.6133427619934082 0.1670324206352234 0.20265579223632812 0.30903029441833496 
30 0.2706063985824585 0.49779197573661804 0.36167556047439575 0.9370059967041016 
47 0.6208839416503906 0.4846475124359131 0.38036131858825684 0.9545543789863586 
30 0.45117124915122986 0.48682647943496704 0.7189950942993164 0.9501391649246216 
7 0.2717074155807495 0.49864405393600464 0.3646237254142761 0.9424561262130737 
47 0.6231547594070435 0.48888149857521057 0.36621391773223877 0.9436665773391724 
