47 0.9197585582733154 0.7574677467346191 0.1576337218284607 0.4384987950325012 
30 0.6924268007278442 0.5743402242660522 0.4418356418609619 0.8499638438224792 
47 0.6825243830680847 0.5724697113037109 0.4301818609237671 0.8455004692077637 
47 0.9210833311080933 0.6371926069259644 0.1553550362586975 0.6821938753128052 
19 0.9193111658096313 0.6358314752578735 0.15881121158599854 0.6830438375473022 
19 0.9189918041229248 0.6351265907287598 0.1578364372253418 0.6781356930732727 
30 0.35137367248535156 0.5618846416473389 0.4083119034767151 0.8668828010559082 
39 0.3485473394393921 0.5634275674819946 0.40015310049057007 0.8650116920471191 
30 0.6837411522865295 0.5736879110336304 0.4288051128387451 0.8468964695930481 
4 0.3412633538246155 0.563978910446167 0.39678215980529785 0.866574764251709 
