19 0.5130592584609985 0.5245201587677002 0.6850417852401733 0.9396572113037109 
20 0.8781085014343262 0.9210971593856812 0.24378305673599243 0.14835387468338013 
20 0.5137677192687988 0.5257019996643066 0.683525562286377 0.9396681785583496 
19 0.5144466757774353 0.5245743989944458 0.6814188957214355 0.9412961006164551 
47 0.7144545912742615 0.5525311827659607 0.18832337856292725 0.2617548704147339 
30 0.5150554180145264 0.5258816480636597 0.6798653602600098 0.9427473545074463 
21 0.5132650136947632 0.5242831707000732 0.6771221160888672 0.9393764734268188 
21 0.5127105712890625 0.5251095294952393 0.6824606657028198 0.9395084381103516 
20 0.5112060308456421 0.5238996744155884 0.6885030269622803 0.9420000314712524 
19 0.5115525722503662 0.524520754814148 0.6875414252281189 0.9423662424087524 
