47 0.467904269695282 0.6750628352165222 0.20267996191978455 0.5522772073745728 
47 0.46874773502349854 0.6817708015441895 0.19280850887298584 0.5421832203865051 
47 0.2956414520740509 0.6783937811851501 0.1491200178861618 0.4886014461517334 
47 0.46904802322387695 0.6836200952529907 0.19367077946662903 0.5461945533752441 
47 0.2842852473258972 0.6930121183395386 0.163132905960083 0.5353821516036987 
19 0.17279109358787537 0.6204209327697754 0.18793776631355286 0.7485281229019165 
29 0.46873682737350464 0.6751692891120911 0.20002928376197815 0.5520933866500854 
30 0.2946348190307617 0.6781191825866699 0.15125232934951782 0.4893918037414551 
19 0.46909332275390625 0.6815066337585449 0.19321700930595398 0.543738842010498 
29 0.29344141483306885 0.6770004034042358 0.15618132054805756 0.5037033557891846 
