19 0.36479631066322327 0.592070460319519 0.614093005657196 0.6712284088134766 
19 0.5291769504547119 0.5688419342041016 0.9416462182998657 0.7141903042793274 
29 0.3637614846229553 0.5935052633285522 0.6113924980163574 0.6717607975006104 
29 0.36155304312705994 0.5933499336242676 0.6085293292999268 0.6754822731018066 
19 0.36983293294906616 0.5965337753295898 0.6020957231521606 0.6671867370605469 
29 0.37142840027809143 0.5974222421646118 0.6020328402519226 0.6661713123321533 
29 0.37150588631629944 0.5977441072463989 0.5997687578201294 0.6717417240142822 
28 0.3687804639339447 0.5914132595062256 0.6135993599891663 0.6775671243667603 
19 0.36961865425109863 0.5980201959609985 0.6040694713592529 0.6674952507019043 
29 0.3632913827896118 0.5945513844490051 0.6133979558944702 0.6755493879318237 
