30 0.5003867149353027 0.5210213661193848 0.9978748559951782 0.5052874088287354 
30 0.5284140706062317 0.48184695839881897 0.2169247567653656 0.43274158239364624 
22 0.5274157524108887 0.48145806789398193 0.2166948914527893 0.431504487991333 
30 0.5105538368225098 0.470008909702301 0.18067634105682373 0.4077960252761841 
19 0.5004528760910034 0.5792242884635925 0.9980002641677856 0.371532678604126 
30 0.5114902853965759 0.46891650557518005 0.18018484115600586 0.4035016894340515 
47 0.511146605014801 0.4688799977302551 0.17991209030151367 0.4023207426071167 
42 0.5004427433013916 0.5802938342094421 0.9964151382446289 0.3635059595108032 
19 0.5113683938980103 0.4684792459011078 0.18004849553108215 0.40525442361831665 
47 0.5272352695465088 0.48181962966918945 0.21642762422561646 0.43020081520080566 
