47 0.4781453311443329 0.5028249621391296 0.8392626047134399 0.7947572469711304 
30 0.5133517980575562 0.49986031651496887 0.2854405641555786 0.8022173643112183 
47 0.47708162665367126 0.4991740584373474 0.8415073156356812 0.8022371530532837 
39 0.4761413037776947 0.6118005514144897 0.8547617793083191 0.5091646909713745 
19 0.49986374378204346 0.6725983619689941 0.9997274875640869 0.6327491998672485 
47 0.509499192237854 0.4967446029186249 0.2786341905593872 0.8151390552520752 
19 0.5039139986038208 0.49876338243484497 0.27572154998779297 0.807281494140625 
30 0.509008526802063 0.49995362758636475 0.27492475509643555 0.8023560047149658 
47 0.5233557224273682 0.20656728744506836 0.06633752584457397 0.12619133293628693 
19 0.5067754983901978 0.4994400441646576 0.2755718231201172 0.8053274750709534 
