47 0.5004218816757202 0.49918133020401 0.9991563558578491 0.99836266040802 
47 0.7138861417770386 0.6685360074043274 0.2782737612724304 0.6545188426971436 
47 0.891091525554657 0.7157328128814697 0.21497666835784912 0.5662821531295776 
47 0.3687090277671814 0.6852579116821289 0.3920680284500122 0.61723792552948 
47 0.5004804134368896 0.49812793731689453 0.9990392923355103 0.9962558746337891 
19 0.15909890830516815 0.6660233736038208 0.3135000169277191 0.6565908193588257 
30 0.2951280176639557 0.684075117111206 0.24554240703582764 0.6187303066253662 
39 0.4812004566192627 0.6870310306549072 0.2028631865978241 0.6167219877243042 
19 0.36889588832855225 0.686329185962677 0.392699658870697 0.6173732280731201 
24 0.4827349781990051 0.687025785446167 0.20700284838676453 0.6187330484390259 
