30 0.58747398853302 0.49857255816459656 0.8250519037246704 0.9971451163291931 
30 0.548039436340332 0.49871981143951416 0.9019457101821899 0.9974396228790283 
30 0.5459967851638794 0.49866825342178345 0.8989145159721375 0.9973365068435669 
28 0.5896091461181641 0.49855759739875793 0.8207815885543823 0.9971151947975159 
30 0.5899293422698975 0.49859943985939026 0.8159843683242798 0.9971988797187805 
47 0.5932739973068237 0.49866777658462524 0.8118366003036499 0.9973355531692505 
30 0.5914832353591919 0.49868202209472656 0.8134799003601074 0.9973640441894531 
30 0.1367587149143219 0.6138634085655212 0.0754847601056099 0.3361971378326416 
19 0.136091947555542 0.6140278577804565 0.07592964172363281 0.336405873298645 
47 0.1373390555381775 0.612216055393219 0.07738575339317322 0.33999621868133545 
