42 0.4641231596469879 0.5029244422912598 0.913811206817627 0.9798797369003296 
42 0.6859573125839233 0.6004408597946167 0.33780205249786377 0.7860766649246216 
47 0.4676850140094757 0.4899022877216339 0.9186086058616638 0.9534919261932373 
47 0.2762412428855896 0.5857703685760498 0.2650448679924011 0.7695229053497314 
47 0.6875724196434021 0.60096275806427 0.3354402780532837 0.7845693826675415 
47 0.27602100372314453 0.5858277678489685 0.26568979024887085 0.7683547735214233 
47 0.6871091723442078 0.6013427376747131 0.33567702770233154 0.7868425846099854 
47 0.6847907304763794 0.600111722946167 0.33710312843322754 0.7871924638748169 
47 0.6880857944488525 0.6018780469894409 0.3332020044326782 0.7876248359680176 
19 0.2755260169506073 0.5846203565597534 0.2663518190383911 0.7686588764190674 
