47 0.49992573261260986 0.3575574457645416 0.9998514652252197 0.6022666692733765 
47 0.3971813917160034 0.38353201746940613 0.6174846887588501 0.551160454750061 
20 0.5005567073822021 0.15142618119716644 0.9988865256309509 0.2516564726829529 
19 0.5714688301086426 0.5223568677902222 0.26948869228363037 0.6621689200401306 
29 0.5701102018356323 0.4246201515197754 0.2696256935596466 0.46771442890167236 
7 0.5006032586097717 0.14598125219345093 0.9987934827804565 0.24443486332893372 
30 0.572113573551178 0.42203623056411743 0.2764091491699219 0.4731175899505615 
49 0.48766040802001953 0.44735726714134216 0.4355440139770508 0.5109020471572876 
29 0.573000431060791 0.4235890507698059 0.27164962887763977 0.4766670763492584 
30 0.5709998607635498 0.4253239631652832 0.2650890350341797 0.4637105166912079 
