19 0.7289569973945618 0.542320728302002 0.5420860052108765 0.9129695892333984 
47 0.628037691116333 0.5369495153427124 0.3251727819442749 0.9227735996246338 
20 0.6171309351921082 0.541935920715332 0.31857022643089294 0.9138607978820801 
47 0.8273251056671143 0.8256217837333679 0.3453497886657715 0.33519136905670166 
19 0.6020386815071106 0.21680912375450134 0.1757512092590332 0.2784230709075928 
19 0.6182911992073059 0.5410795211791992 0.3205736577510834 0.9141460657119751 
19 0.6183987259864807 0.5414677858352661 0.3168981075286865 0.913673996925354 
19 0.6159632802009583 0.5398852825164795 0.3254282474517822 0.9137336015701294 
30 0.6177049875259399 0.5413300395011902 0.3183164596557617 0.9139199256896973 
19 0.6165727376937866 0.5427757501602173 0.3176959753036499 0.9126074314117432 
