19 0.43124863505363464 0.5676937103271484 0.5892162919044495 0.8520548343658447 
47 0.4301391541957855 0.5690751075744629 0.5844863653182983 0.8524798154830933 
30 0.4192047119140625 0.574973464012146 0.5593163967132568 0.841140627861023 
47 0.4139881432056427 0.5767602920532227 0.565579891204834 0.8404092788696289 
47 0.5801960825920105 0.4435524344444275 0.2950263023376465 0.6149550676345825 
19 0.4158073961734772 0.5770494937896729 0.5610611438751221 0.8405364751815796 
19 0.5870992541313171 0.44288256764411926 0.2856534719467163 0.6162289381027222 
37 0.41547223925590515 0.5765615105628967 0.5591212511062622 0.8407288789749146 
19 0.5910375714302063 0.445052832365036 0.2717508375644684 0.606509804725647 
19 0.6128727197647095 0.18746238946914673 0.11876392364501953 0.10529391467571259 
