21 0.7253948450088501 0.5181823968887329 0.22110652923583984 0.5074933171272278 
21 0.748024582862854 0.5044687390327454 0.10996365547180176 0.4783627986907959 
21 0.55584317445755 0.5499105453491211 0.18244603276252747 0.5372475385665894 
19 0.5000145435333252 0.6243141889572144 0.9991074800491333 0.7387397289276123 
30 0.5119909048080444 0.5411163568496704 0.18416115641593933 0.5140023231506348 
20 0.49997544288635254 0.6365762948989868 0.9989022016525269 0.7141989469528198 
47 0.5476836562156677 0.5395443439483643 0.1197899580001831 0.5112645626068115 
47 0.5460278987884521 0.5414830446243286 0.11892259120941162 0.5144429206848145 
47 0.7497219443321228 0.5048757195472717 0.10871386528015137 0.477742075920105 
30 0.5000308156013489 0.7713459730148315 0.9989123344421387 0.4485139846801758 
