21 0.639460563659668 0.6170703172683716 0.7121001482009888 0.6719601154327393 
28 0.4474339783191681 0.627751350402832 0.6203221082687378 0.693754255771637 
21 0.1467822790145874 0.6759723424911499 0.22346483170986176 0.5616083741188049 
30 0.5009381771087646 0.45246872305870056 0.5141911506652832 0.7663921117782593 
30 0.1381978988647461 0.6627532243728638 0.20713749527931213 0.5782980918884277 
28 0.6624290943145752 0.5362231135368347 0.15057694911956787 0.9188908338546753 
30 0.7431864738464355 0.8061175346374512 0.5049514770507812 0.3169955611228943 
21 0.4477970600128174 0.6265572309494019 0.6213196516036987 0.6938819885253906 
21 0.6444407105445862 0.4286068379878998 0.7111185789108276 0.8543811440467834 
49 0.5209637880325317 0.5576307773590088 0.47637879848480225 0.5926685333251953 
