30 0.4876019358634949 0.5852160453796387 0.8629820942878723 0.7176688313484192 
47 0.4873684048652649 0.5858702659606934 0.8626701831817627 0.718472421169281 
19 0.7311515808105469 0.5752215385437012 0.3796948194503784 0.7080447673797607 
30 0.4999113380908966 0.7387009859085083 0.9989272952079773 0.5095059871673584 
24 0.7340804934501648 0.5777492523193359 0.38515591621398926 0.7077535390853882 
30 0.499977171421051 0.6119295358657837 0.9988651275634766 0.7634690999984741 
19 0.7301796674728394 0.5828570127487183 0.3831815719604492 0.706095814704895 
30 0.7678178548812866 0.38327187299728394 0.20692741870880127 0.3138492703437805 
29 0.732242226600647 0.5820000171661377 0.38423848152160645 0.7095547914505005 
19 0.7279698848724365 0.5764373540878296 0.38840413093566895 0.7145786285400391 
