30 0.6298449635505676 0.7543030977249146 0.7258849143981934 0.4805123805999756 
30 0.8872556090354919 0.3419824242591858 0.09012198448181152 0.2523229718208313 
47 0.37839382886886597 0.6296108365058899 0.445803165435791 0.7307530641555786 
47 0.8098615407943726 0.34021976590156555 0.19102448225021362 0.1935729831457138 
30 0.6343801617622375 0.6911970376968384 0.7197132110595703 0.605716347694397 
5 0.6398435831069946 0.7143446207046509 0.7010097503662109 0.5528476238250732 
21 0.5926506519317627 0.6305524706840515 0.7966609597206116 0.7286415100097656 
19 0.40006470680236816 0.6305225491523743 0.40247011184692383 0.7306398153305054 
47 0.40094321966171265 0.6246296167373657 0.4097459316253662 0.731810450553894 
30 0.40042269229888916 0.6308915615081787 0.40166833996772766 0.7298035621643066 
