30 0.5001237392425537 0.24471235275268555 0.9997524619102478 0.48504623770713806 
30 0.5497024655342102 0.3809686303138733 0.11366808414459229 0.14194095134735107 
19 0.4964187443256378 0.4269276261329651 0.2357456088066101 0.21515536308288574 
19 0.49524247646331787 0.4287240505218506 0.2427034080028534 0.21600744128227234 
30 0.51632159948349 0.40511974692344666 0.20441055297851562 0.17183655500411987 
30 0.49813312292099 0.417532742023468 0.2345186471939087 0.21082627773284912 
42 0.49290168285369873 0.4224618375301361 0.23525822162628174 0.22799009084701538 
29 0.5152983069419861 0.39708179235458374 0.19485342502593994 0.16203510761260986 
42 0.5154516100883484 0.3970472812652588 0.19567617774009705 0.15944111347198486 
7 0.49817007780075073 0.4211600422859192 0.24482214450836182 0.21071195602416992 
