30 0.6134666204452515 0.43240538239479065 0.7683272957801819 0.5340982675552368 
30 0.38784128427505493 0.5090046525001526 0.3442172706127167 0.29020726680755615 
30 0.4998946487903595 0.7066489458084106 0.9980972409248352 0.5668008327484131 
30 0.3934839963912964 0.5353422164916992 0.33359047770500183 0.2374500036239624 
30 0.39436548948287964 0.5344815254211426 0.336948037147522 0.2389686107635498 
19 0.8731443881988525 0.43275851011276245 0.2373952865600586 0.5412867069244385 
28 0.2823231816291809 0.6787776350975037 0.5506755709648132 0.5078649520874023 
30 0.650205135345459 0.6685235500335693 0.17087745666503906 0.6491855382919312 
30 0.8728362917900085 0.43492797017097473 0.23969292640686035 0.5415399074554443 
15 0.33275356888771057 0.7056585550308228 0.5586242079734802 0.5791230797767639 
