20 0.6166090369224548 0.4705975353717804 0.4884145259857178 0.42597895860671997 
19 0.6204766631126404 0.46205323934555054 0.49312400817871094 0.4210991859436035 
20 0.7666429281234741 0.4585898518562317 0.23012304306030273 0.41089344024658203 
20 0.7796804308891296 0.45811349153518677 0.23104822635650635 0.41470611095428467 
29 0.7783268690109253 0.46106716990470886 0.23164308071136475 0.42142146825790405 
30 0.6367052793502808 0.4554685354232788 0.5113775730133057 0.4024018943309784 
19 0.7755855917930603 0.4540344476699829 0.23124492168426514 0.3999221622943878 
19 0.6828842759132385 0.4684756398200989 0.11204409599304199 0.42831528186798096 
29 0.7737900018692017 0.4539690911769867 0.23669648170471191 0.4029000401496887 
19 0.7774487137794495 0.4570850729942322 0.22959530353546143 0.4048879146575928 
