30 0.551355242729187 0.5784144401550293 0.4954608678817749 0.7425077557563782 
30 0.5510232448577881 0.6408926844596863 0.482990026473999 0.6070935726165771 
30 0.4509998559951782 0.3040350675582886 0.1268470287322998 0.2096787840127945 
30 0.6512717604637146 0.40332502126693726 0.1982642412185669 0.38739675283432007 
47 0.4515540599822998 0.5741651654243469 0.6722596883773804 0.7599526643753052 
30 0.5519283413887024 0.6370908617973328 0.48095187544822693 0.6139739751815796 
5 0.5517260432243347 0.6324678063392639 0.4842907190322876 0.6102399826049805 
30 0.5052138566970825 0.5749539136886597 0.5725288391113281 0.7389084100723267 
47 0.5524541735649109 0.5782400369644165 0.4823199212551117 0.7398524284362793 
30 0.3434087932109833 0.4807896912097931 0.24082303047180176 0.5483919382095337 
