30 0.24307851493358612 0.43434202671051025 0.4771732687950134 0.3405114412307739 
47 0.24205808341503143 0.43415406346321106 0.4761333167552948 0.3417056202888489 
47 0.3379288613796234 0.548492968082428 0.25966060161590576 0.11880946159362793 
42 0.24656851589679718 0.43403956294059753 0.4609517455101013 0.33395248651504517 
47 0.24057048559188843 0.43170392513275146 0.47654610872268677 0.33492448925971985 
30 0.2698211967945099 0.3133917450904846 0.12537652254104614 0.09604993462562561 
19 0.2425576001405716 0.43087857961654663 0.48010215163230896 0.33924055099487305 
30 0.24094073474407196 0.42929473519325256 0.4765288531780243 0.3355404734611511 
30 0.24036483466625214 0.4305016100406647 0.4748619794845581 0.3399197459220886 
47 0.24703748524188995 0.43336883187294006 0.46319472789764404 0.33670347929000854 
