47 0.5028591156005859 0.5383408069610596 0.9942817687988281 0.9233184456825256 
19 0.3125413656234741 0.5362539291381836 0.6120079755783081 0.9159808158874512 
19 0.31220823526382446 0.5358695387840271 0.6105303764343262 0.9159495830535889 
19 0.3095138967037201 0.5384795069694519 0.6174365282058716 0.9164756536483765 
30 0.3097322881221771 0.5391629934310913 0.6163461208343506 0.9150702953338623 
19 0.30879727005958557 0.5391190052032471 0.6164922714233398 0.9158576726913452 
13 0.309677392244339 0.5387334823608398 0.6157795786857605 0.9149706363677979 
19 0.31074926257133484 0.5388590097427368 0.6174076795578003 0.9146438837051392 
30 0.0403011292219162 0.4808792471885681 0.0806022584438324 0.4653933644294739 
47 0.308650404214859 0.5399445295333862 0.6161178946495056 0.9148530960083008 
