47 0.4768746495246887 0.3733585476875305 0.18411430716514587 0.37687182426452637 
47 0.5978684425354004 0.6355224847793579 0.17941880226135254 0.46147620677948 
47 0.3568183183670044 0.6534186601638794 0.2093867063522339 0.4317765533924103 
30 0.8499564528465271 0.7810215950012207 0.2952951192855835 0.42343270778656006 
47 0.8505975008010864 0.7792408466339111 0.2936687469482422 0.42549872398376465 
47 0.853749692440033 0.7880043387413025 0.29188668727874756 0.4151153564453125 
47 0.45118629932403564 0.5915844440460205 0.15726324915885925 0.2851243019104004 
47 0.5977519154548645 0.6372010707855225 0.181238055229187 0.4605596363544464 
30 0.356838196516037 0.6560206413269043 0.21325218677520752 0.43341705203056335 
47 0.3585403561592102 0.6625614166259766 0.21476829051971436 0.44841307401657104 
