47 0.5003231763839722 0.4983415901660919 0.9987219572067261 0.9940203428268433 
47 0.8329320549964905 0.19370898604393005 0.3184847831726074 0.3688462972640991 
47 0.5004168748855591 0.49815961718559265 0.9983508586883545 0.9918575286865234 
19 0.5001276731491089 0.4836205840110779 0.9970064163208008 0.9586104154586792 
30 0.5004473924636841 0.49835801124572754 0.9987788200378418 0.9925131797790527 
19 0.5001410245895386 0.4808686375617981 0.9976221323013306 0.9520041942596436 
39 0.49814721941947937 0.4875917136669159 0.9924262762069702 0.9710263013839722 
37 0.49853065609931946 0.4865095317363739 0.9939106702804565 0.9700412750244141 
30 0.5700790882110596 0.1404961347579956 0.49245429039001465 0.2802121043205261 
30 0.4972062110900879 0.4866143763065338 0.9944124221801758 0.9721436500549316 
