19 0.5006402730941772 0.49889111518859863 0.9987195134162903 0.9977822303771973 
19 0.5004744529724121 0.49863025546073914 0.999051034450531 0.9972605109214783 
19 0.4524778127670288 0.4627630114555359 0.22517487406730652 0.23555245995521545 
19 0.5005025863647461 0.4989672601222992 0.9989948272705078 0.9979345202445984 
30 0.452861487865448 0.4649083912372589 0.23046982288360596 0.2450430989265442 
29 0.45251792669296265 0.4706587791442871 0.2077905833721161 0.2117612361907959 
19 0.45315104722976685 0.47052159905433655 0.20787417888641357 0.21133536100387573 
30 0.45447269082069397 0.47108685970306396 0.2117268443107605 0.2087080478668213 
29 0.45243901014328003 0.4642605185508728 0.2356438934803009 0.24554911255836487 
29 0.45356008410453796 0.47125953435897827 0.2113003134727478 0.21387967467308044 
