19 0.2114686667919159 0.7149789333343506 0.2138446867465973 0.20635241270065308 
19 0.7114015817642212 0.6597321629524231 0.45674562454223633 0.4236299991607666 
7 0.7152658700942993 0.6594851613044739 0.462382435798645 0.4359547197818756 
19 0.7132464647293091 0.6608568429946899 0.45029735565185547 0.418364018201828 
29 0.7159909009933472 0.6604953408241272 0.4603986442089081 0.4269266128540039 
19 0.7136791348457336 0.6609587073326111 0.4565946161746979 0.4097449779510498 
29 0.7108282446861267 0.6600692868232727 0.4540523290634155 0.41275346279144287 
19 0.7108816504478455 0.6592167019844055 0.45439374446868896 0.4115966558456421 
19 0.45851966738700867 0.24684083461761475 0.10131627321243286 0.4936816692352295 
7 0.7125135064125061 0.6589710712432861 0.4513882100582123 0.41082075238227844 
