30 0.5004148483276367 0.4997051954269409 0.9978698492050171 0.9973019361495972 
28 0.5007122755050659 0.5007930397987366 0.9938927888870239 0.9970979690551758 
30 0.501590371131897 0.49982506036758423 0.9968193769454956 0.9967073202133179 
28 0.7207257747650146 0.16366228461265564 0.5585484504699707 0.3273245692253113 
28 0.5012867450714111 0.499546617269516 0.997426450252533 0.9975982904434204 
21 0.7197897434234619 0.16195693612098694 0.5604206323623657 0.3239138722419739 
28 0.7201452851295471 0.17254599928855896 0.5531775951385498 0.33654171228408813 
28 0.7209876179695129 0.1797412931919098 0.546075701713562 0.35428327322006226 
30 0.7192398309707642 0.17224381864070892 0.5566736459732056 0.3381977677345276 
21 0.7206922769546509 0.1716698259115219 0.5557080507278442 0.34165045619010925 
