47 0.369726300239563 0.5763905644416809 0.7346970438957214 0.8347502946853638 
47 0.4700762927532196 0.5758589506149292 0.5393936634063721 0.8446738719940186 
20 0.7513039708137512 0.7176902294158936 0.25407350063323975 0.5579299926757812 
47 0.4649300277233124 0.5749381184577942 0.5433149337768555 0.8485878705978394 
20 0.37130415439605713 0.7876536846160889 0.322265088558197 0.4166518449783325 
30 0.7020030617713928 0.4974629282951355 0.10116147994995117 0.135300874710083 
29 0.6089218854904175 0.6762384176254272 0.5306093692779541 0.640600323677063 
47 0.7516071200370789 0.7166504263877869 0.25149011611938477 0.562071681022644 
30 0.7049593925476074 0.5075992941856384 0.10062837600708008 0.15065622329711914 
19 0.46357595920562744 0.573489785194397 0.544148325920105 0.8417664766311646 
