47 0.2934814691543579 0.3575074076652527 0.1808215230703354 0.26831239461898804 
47 0.3997165262699127 0.5010814070701599 0.580005407333374 0.9906212091445923 
47 0.7083452939987183 0.7225506901741028 0.10672295093536377 0.2686988115310669 
5 0.3651021122932434 0.5007491111755371 0.6268877387046814 0.9855035543441772 
30 0.28883105516433716 0.35883110761642456 0.1765730082988739 0.26832717657089233 
30 0.21506434679031372 0.5050160884857178 0.11120517551898956 0.2515135109424591 
21 0.8646222352981567 0.7012937068939209 0.2700200080871582 0.43495380878448486 
28 0.3992874026298523 0.5006677508354187 0.5790301561355591 0.9887131452560425 
7 0.8639336824417114 0.7400298714637756 0.2721078395843506 0.3635457754135132 
30 0.7156636714935303 0.6176632642745972 0.10633355379104614 0.31361931562423706 
