21 0.42773276567459106 0.8412962555885315 0.21303212642669678 0.29487836360931396 
20 0.6903645396232605 0.5042704343795776 0.6130547523498535 0.9821237325668335 
47 0.6981945037841797 0.5058542490005493 0.6036109924316406 0.9857192039489746 
20 0.22660128772258759 0.4986501634120941 0.4516269862651825 0.9952406883239746 
19 0.22141620516777039 0.4981471002101898 0.43630361557006836 0.9946609139442444 
20 0.30885669589042664 0.43684935569763184 0.09778934717178345 0.44516998529434204 
19 0.6960983276367188 0.5056782960891724 0.5982849597930908 0.9794403314590454 
30 0.22231779992580414 0.49847039580345154 0.4446355998516083 0.9952467083930969 
19 0.6970832943916321 0.5048249959945679 0.5988132953643799 0.9811141490936279 
20 0.23423466086387634 0.4989773631095886 0.4632810354232788 0.9955105781555176 
