30 0.3801238536834717 0.37341347336769104 0.490067720413208 0.7127173542976379 
30 0.3798183798789978 0.3704787790775299 0.487973690032959 0.717376708984375 
30 0.37867510318756104 0.37282827496528625 0.47980430722236633 0.7160309553146362 
30 0.30087772011756897 0.3787868320941925 0.6017554402351379 0.734757125377655 
30 0.3090217113494873 0.37713316082954407 0.6168434619903564 0.7350193858146667 
30 0.3789781332015991 0.36852267384529114 0.4904692471027374 0.708977222442627 
28 0.37900084257125854 0.3742501437664032 0.4824467599391937 0.7156398296356201 
30 0.38027846813201904 0.37031054496765137 0.4795296788215637 0.7042295932769775 
30 0.37933826446533203 0.37014833092689514 0.4853677749633789 0.7153359055519104 
19 0.383008748292923 0.37266239523887634 0.4925526976585388 0.7203425765037537 
