30 0.4999319612979889 0.41181203722953796 0.9962987899780273 0.8220553398132324 
30 0.49763303995132446 0.41434571146965027 0.9895708560943604 0.8286914229393005 
30 0.5005999803543091 0.41353511810302734 0.9988001585006714 0.823350191116333 
30 0.4998968541622162 0.4122103154659271 0.994417667388916 0.823074460029602 
30 0.4978778064250946 0.4169793725013733 0.9914357662200928 0.8339587450027466 
30 0.4982573091983795 0.416927695274353 0.9937863349914551 0.833855390548706 
30 0.5007027387619019 0.41407153010368347 0.9985944628715515 0.8223533630371094 
30 0.5000216364860535 0.41398996114730835 0.9969546794891357 0.8279799222946167 
19 0.5000941753387451 0.4141481816768646 0.9968826770782471 0.8233535289764404 
22 0.500067949295044 0.4088577926158905 0.996606707572937 0.8116773962974548 
