30 0.8714021444320679 0.6312670111656189 0.07948166131973267 0.2942279279232025 
30 0.8726242184638977 0.6294705867767334 0.07604217529296875 0.2990398406982422 
30 0.3541945219039917 0.531553328037262 0.7083890438079834 0.7367292642593384 
30 0.3213229775428772 0.5255558490753174 0.6426459550857544 0.7345808744430542 
30 0.3293764293193817 0.5297952890396118 0.6580413579940796 0.74466872215271 
19 0.32848408818244934 0.5307834148406982 0.6561704874038696 0.7398942708969116 
28 0.331214964389801 0.5297139883041382 0.662429928779602 0.7453175783157349 
30 0.6474024057388306 0.6768425703048706 0.12076681852340698 0.42829325795173645 
30 0.647855818271637 0.6761367321014404 0.11818385124206543 0.4305309057235718 
29 0.648051381111145 0.6760447025299072 0.11979079246520996 0.4319270849227905 
