29 0.7058156728744507 0.49327969551086426 0.466510534286499 0.5977311134338379 
47 0.7059186100959778 0.49000653624534607 0.46539604663848877 0.5967550873756409 
19 0.7021750211715698 0.4929216802120209 0.46572554111480713 0.6026850342750549 
19 0.7100483775138855 0.4941835105419159 0.4759768545627594 0.6043280959129333 
29 0.7180765867233276 0.49429336190223694 0.4825358986854553 0.6011620759963989 
19 0.375933974981308 0.4122285842895508 0.15437370538711548 0.3496418595314026 
29 0.7067543864250183 0.4948635399341583 0.47780004143714905 0.6039438247680664 
19 0.7064743041992188 0.4953722059726715 0.46591898798942566 0.5996226668357849 
29 0.7111510038375854 0.4889897406101227 0.47093451023101807 0.596474289894104 
29 0.37661588191986084 0.4156004786491394 0.15566891431808472 0.3515688478946686 
