47 0.4878893494606018 0.5619760751724243 0.9724467992782593 0.8683706521987915 
20 0.927297055721283 0.6821062564849854 0.14540588855743408 0.6278516054153442 
19 0.5610208511352539 0.5587745904922485 0.8282936811447144 0.8696001768112183 
19 0.5590815544128418 0.5582830905914307 0.8261277675628662 0.8694100379943848 
47 0.5571622848510742 0.556286096572876 0.8255326747894287 0.8837008476257324 
19 0.559893012046814 0.5630550384521484 0.8257551193237305 0.8692531585693359 
30 0.5588531494140625 0.5621427297592163 0.8257256746292114 0.8709491491317749 
47 0.5592533349990845 0.5634039640426636 0.8262420892715454 0.8695952892303467 
21 0.9276615381240845 0.6806657314300537 0.14467686414718628 0.628103494644165 
19 0.5607709884643555 0.5635623931884766 0.8249588012695312 0.8692423105239868 
