47 0.3190954923629761 0.35099515318870544 0.2922779321670532 0.699643611907959 
21 0.2658572196960449 0.45497363805770874 0.25730323791503906 0.5414860248565674 
47 0.25251615047454834 0.4440560042858124 0.16338622570037842 0.5203043222427368 
20 0.26467955112457275 0.4560757875442505 0.25844496488571167 0.5455021858215332 
30 0.5001714825630188 0.5872830152511597 0.9996570348739624 0.8053274750709534 
30 0.25069376826286316 0.4382683336734772 0.15632081031799316 0.514789342880249 
30 0.24997608363628387 0.4440183937549591 0.1675495207309723 0.5163041353225708 
7 0.49990907311439514 0.589401364326477 0.999115526676178 0.8065671324729919 
30 0.2469392716884613 0.4418034851551056 0.163978710770607 0.5130330324172974 
21 0.25164175033569336 0.438639760017395 0.15854060649871826 0.5180610418319702 
