30 0.40586477518081665 0.591127872467041 0.3728228211402893 0.8077269792556763 
47 0.40464842319488525 0.5926792621612549 0.3732154667377472 0.8049815893173218 
47 0.46161437034606934 0.2693403959274292 0.10047855973243713 0.13763999938964844 
47 0.40553098917007446 0.5912837982177734 0.3746786117553711 0.8068634271621704 
47 0.40318846702575684 0.5937907695770264 0.374483197927475 0.8124184608459473 
30 0.4035016894340515 0.5930578708648682 0.3720805048942566 0.8074065446853638 
47 0.4055482745170593 0.5927996039390564 0.3760131299495697 0.8054366111755371 
19 0.40464991331100464 0.5920609831809998 0.37473392486572266 0.8062617778778076 
30 0.40719521045684814 0.5935707092285156 0.383492648601532 0.8093593120574951 
19 0.5403818488121033 0.4161897897720337 0.08852589130401611 0.12423062324523926 
