19 0.4998183846473694 0.4501628875732422 0.9996367692947388 0.9003257751464844 
47 0.4998893141746521 0.4518657326698303 0.9997786283493042 0.9037314653396606 
47 0.391198992729187 0.5345884561538696 0.6995823383331299 0.7458654642105103 
47 0.43434861302375793 0.532078206539154 0.6051312685012817 0.7428168058395386 
39 0.4373648166656494 0.5342347621917725 0.5990617275238037 0.7430024147033691 
19 0.43799087405204773 0.5328599214553833 0.5967234969139099 0.7412445545196533 
21 0.438263863325119 0.5345505475997925 0.5976178050041199 0.7453213930130005 
47 0.4371511936187744 0.5349253416061401 0.6029789447784424 0.7460545301437378 
19 0.4413602650165558 0.5321725606918335 0.6211069226264954 0.7410233020782471 
7 0.4375015199184418 0.5312027931213379 0.6018077731132507 0.7409149408340454 
