20 0.5453053116798401 0.6153528690338135 0.2572746276855469 0.7629004716873169 
47 0.5487927198410034 0.6149797439575195 0.25438687205314636 0.7633130550384521 
7 0.5462473630905151 0.6166284084320068 0.2583599090576172 0.7627772092819214 
47 0.5006980299949646 0.49909713864326477 0.9986039400100708 0.9981942772865295 
21 0.5472233891487122 0.6149156093597412 0.26111900806427 0.7640069723129272 
19 0.5481511950492859 0.6146230697631836 0.2583812177181244 0.7667090892791748 
47 0.5459567308425903 0.6166370511054993 0.2580181360244751 0.7591137886047363 
19 0.5098797678947449 0.3118487298488617 0.08741950988769531 0.14701896905899048 
30 0.5461210608482361 0.61576247215271 0.2585819959640503 0.758323073387146 
30 0.5467463731765747 0.6155589818954468 0.2611725330352783 0.7570786476135254 
