47 0.6407164335250854 0.5452072024345398 0.4358919560909271 0.9052358865737915 
47 0.9024510979652405 0.5854465961456299 0.186568021774292 0.7991086840629578 
20 0.6600428223609924 0.5414907932281494 0.4048144817352295 0.9033075571060181 
47 0.5004408955574036 0.6214061975479126 0.9974484443664551 0.7400643825531006 
21 0.7257558107376099 0.5468427538871765 0.5363401770591736 0.9056750535964966 
30 0.6594535112380981 0.5416378378868103 0.3982580900192261 0.9133769273757935 
21 0.37144583463668823 0.542568564414978 0.39832788705825806 0.8957836627960205 
21 0.4040842652320862 0.5431804656982422 0.320941686630249 0.8960675001144409 
11 0.6610210537910461 0.5462777018547058 0.39514946937561035 0.9022011756896973 
21 0.23380157351493835 0.5565658807754517 0.18050412833690643 0.36679327487945557 
