20 0.48321330547332764 0.5302030444145203 0.40645360946655273 0.8404407501220703 
47 0.8439723253250122 0.45492860674858093 0.1487973928451538 0.1897771954536438 
47 0.4802685081958771 0.5318113565444946 0.4104915261268616 0.8418600559234619 
47 0.8482636213302612 0.4528823792934418 0.14815175533294678 0.18915456533432007 
47 0.48427021503448486 0.5275298357009888 0.3946964740753174 0.8457646369934082 
47 0.481279581785202 0.532084584236145 0.4082285761833191 0.8379740715026855 
47 0.4828662872314453 0.531210720539093 0.40825140476226807 0.8401148319244385 
21 0.4829230308532715 0.5319850444793701 0.4060136079788208 0.8382703065872192 
47 0.4840365946292877 0.5315207839012146 0.4077298045158386 0.8431681394577026 
21 0.4824453294277191 0.5321298241615295 0.40630751848220825 0.8400770425796509 
