7 0.4983261823654175 0.6701695919036865 0.23234888911247253 0.2181107997894287 
7 0.5001639127731323 0.5865246057510376 0.9996720552444458 0.403792142868042 
7 0.5002464056015015 0.5860003232955933 0.9995071887969971 0.4008232057094574 
28 0.18892791867256165 0.6584771871566772 0.2436775267124176 0.2265913486480713 
28 0.49898427724838257 0.6705451011657715 0.2296660840511322 0.21546173095703125 
7 0.5002542734146118 0.5750559568405151 0.9994915723800659 0.38876867294311523 
29 0.5003229379653931 0.5886800289154053 0.9993541836738586 0.40135616064071655 
29 0.49898433685302734 0.6729708909988403 0.22776314616203308 0.23143482208251953 
7 0.5002725124359131 0.5820406079292297 0.9994549751281738 0.38962826132774353 
19 0.5002725124359131 0.5909965634346008 0.9994548559188843 0.41347694396972656 
