30 0.13877250254154205 0.39359891414642334 0.2761322259902954 0.3136768639087677 
30 0.07915002107620239 0.6144804954528809 0.15507948398590088 0.31342142820358276 
21 0.500369668006897 0.6565721035003662 0.999260663986206 0.6732746362686157 
11 0.5003206729888916 0.6882458925247192 0.9993586540222168 0.6029020547866821 
11 0.08720697462558746 0.6084777116775513 0.11291579902172089 0.29921457171440125 
47 0.500367283821106 0.6664726138114929 0.9992654323577881 0.6596477031707764 
30 0.13733325898647308 0.38611650466918945 0.2697257697582245 0.30683743953704834 
11 0.5005497932434082 0.4954509139060974 0.9989004135131836 0.9909018278121948 
11 0.5 0.6167294979095459 1.0 0.7551336288452148 
30 0.13999921083450317 0.39177781343460083 0.2748395800590515 0.3171218931674957 
