23 0.5004210472106934 0.6225696802139282 0.9991579055786133 0.7548606395721436 
19 0.5815914869308472 0.5994657278060913 0.7014784812927246 0.6507707834243774 
25 0.5004209280014038 0.6238166689872742 0.9991580843925476 0.7449181079864502 
19 0.5004181265830994 0.6198587417602539 0.9991637468338013 0.7534260749816895 
19 0.5792388916015625 0.5989141464233398 0.7034181356430054 0.6597459316253662 
30 0.577738881111145 0.5974149703979492 0.7001746892929077 0.6614245176315308 
23 0.5003962516784668 0.6232328414916992 0.9992075562477112 0.7527848482131958 
30 0.5785155296325684 0.5982164740562439 0.701788067817688 0.6599246263504028 
29 0.5800946950912476 0.5962594747543335 0.7032641172409058 0.6626801490783691 
29 0.5003950595855713 0.6135134100914001 0.9992098808288574 0.7727234363555908 
