30 0.20561155676841736 0.5061198472976685 0.2756878435611725 0.6008004546165466 
47 0.4997331202030182 0.6094703674316406 0.9994532465934753 0.5252560973167419 
47 0.8797720670700073 0.4942408800125122 0.0877617597579956 0.29907849431037903 
30 0.5001978278160095 0.38293522596359253 0.9990886449813843 0.7658704519271851 
30 0.49969351291656494 0.6660296320915222 0.9993870258331299 0.4112437069416046 
30 0.11314986646175385 0.6342460513114929 0.10176905244588852 0.3513299226760864 
45 0.8789860606193542 0.49413374066352844 0.0876009464263916 0.2981334328651428 
47 0.5000804662704468 0.38511815667152405 0.9987831115722656 0.7644821405410767 
19 0.5003103017807007 0.38501134514808655 0.9993795156478882 0.7700226902961731 
7 0.5001392960548401 0.3803147077560425 0.9989055395126343 0.760629415512085 
