47 0.34780481457710266 0.5447304248809814 0.6887515187263489 0.8015978932380676 
47 0.39123356342315674 0.6715847849845886 0.347896933555603 0.540291428565979 
47 0.8236323595046997 0.7288356423377991 0.08279550075531006 0.1850125789642334 
47 0.39205312728881836 0.7133269309997559 0.3512057960033417 0.46541836857795715 
20 0.5827627182006836 0.7468113303184509 0.12141966819763184 0.21635985374450684 
47 0.3893522024154663 0.7084134817123413 0.34808966517448425 0.46679961681365967 
47 0.3877820372581482 0.7080459594726562 0.34142303466796875 0.46782949566841125 
30 0.583641767501831 0.7490218281745911 0.12067008018493652 0.20813262462615967 
30 0.39088237285614014 0.714477002620697 0.3531379699707031 0.4676590859889984 
7 0.8220560550689697 0.7275839447975159 0.08480799198150635 0.18635976314544678 
