47 0.5001214146614075 0.49661919474601746 0.9997571706771851 0.992720365524292 
47 0.3690422475337982 0.6122822165489197 0.5593927502632141 0.7594714164733887 
19 0.3698718547821045 0.6106968522071838 0.5550417900085449 0.7613160610198975 
30 0.36806339025497437 0.6121352910995483 0.5563472509384155 0.7626686096191406 
29 0.3705574572086334 0.6133575439453125 0.5518108606338501 0.7657692432403564 
29 0.37247559428215027 0.6109572649002075 0.5521530508995056 0.7682532072067261 
30 0.37260934710502625 0.6107816696166992 0.5497283935546875 0.7657170295715332 
19 0.282905638217926 0.48603492975234985 0.3479360342025757 0.4359772205352783 
19 0.3682975471019745 0.6156145334243774 0.5608514547348022 0.7617290019989014 
29 0.36889368295669556 0.6125413179397583 0.5605415105819702 0.761337399482727 
