47 0.512391209602356 0.6306183338165283 0.9545509815216064 0.7361981868743896 
47 0.6741409301757812 0.6306103467941284 0.21779561042785645 0.7348682880401611 
30 0.6746242046356201 0.6301873922348022 0.21549594402313232 0.734674334526062 
47 0.5022223591804504 0.7984647750854492 0.9884823560714722 0.3944300413131714 
30 0.3398299813270569 0.5670709609985352 0.24980808794498444 0.8496518135070801 
47 0.5105609893798828 0.5684710741043091 0.9624643325805664 0.8532411456108093 
47 0.5370270609855652 0.6306202411651611 0.9003726243972778 0.7341071367263794 
47 0.3406089246273041 0.5677191019058228 0.24740618467330933 0.8500888347625732 
47 0.5092760324478149 0.8002291917800903 0.9678434133529663 0.3909637928009033 
45 0.675235390663147 0.6312465667724609 0.21564948558807373 0.732295036315918 
