30 0.47446754574775696 0.36877599358558655 0.947458028793335 0.7375519871711731 
19 0.4902718961238861 0.4283454120159149 0.9333603382110596 0.653325617313385 
30 0.4890795052051544 0.425527960062027 0.923111081123352 0.6358504891395569 
7 0.5002837777137756 0.5466841459274292 0.998757004737854 0.8918970823287964 
30 0.487235963344574 0.42541542649269104 0.9221662282943726 0.6345312595367432 
19 0.4872058928012848 0.42421185970306396 0.9263506531715393 0.6370596885681152 
30 0.48638543486595154 0.425834059715271 0.9277779459953308 0.6375746726989746 
30 0.4871504604816437 0.42203184962272644 0.9259352684020996 0.6306113004684448 
19 0.486973375082016 0.42313238978385925 0.9209363460540771 0.6268938183784485 
30 0.4909171760082245 0.43098723888397217 0.9329260587692261 0.6567543745040894 
