30 0.4999140501022339 0.7391881346702576 0.9990202188491821 0.5012847185134888 
47 0.3100423514842987 0.5931175947189331 0.5910597443580627 0.3794199824333191 
30 0.7459226250648499 0.6250694990158081 0.06351327896118164 0.2534503936767578 
30 0.4999259412288666 0.5891734957695007 0.9989422559738159 0.802338719367981 
47 0.6859679222106934 0.3587699830532074 0.626998782157898 0.7034100890159607 
30 0.499933660030365 0.5881143808364868 0.9984951019287109 0.8018220067024231 
30 0.31214383244514465 0.6129233837127686 0.6108589172363281 0.34581896662712097 
30 0.8430938124656677 0.6231297254562378 0.31221747398376465 0.24902284145355225 
45 0.8375899195671082 0.5941354036331177 0.3211376667022705 0.2270040512084961 
30 0.3349156379699707 0.5907450318336487 0.08297926187515259 0.2462012767791748 
