19 0.5032703280448914 0.43161240220069885 0.25482189655303955 0.27529484033584595 
19 0.5075361728668213 0.43647411465644836 0.2522435188293457 0.27992182970046997 
29 0.5072793960571289 0.4339507818222046 0.24825024604797363 0.2751978635787964 
29 0.5085944533348083 0.433483362197876 0.25222405791282654 0.27815353870391846 
29 0.5074810981750488 0.4352424144744873 0.2466581165790558 0.27631524205207825 
19 0.503528356552124 0.4318233132362366 0.25874030590057373 0.2815171182155609 
19 0.5076526999473572 0.43281230330467224 0.24648511409759521 0.29047662019729614 
39 0.500296950340271 0.4993627965450287 0.9979393482208252 0.9982919096946716 
19 0.5065762996673584 0.4332885146141052 0.25324273109436035 0.28036579489707947 
19 0.5051256418228149 0.4373997747898102 0.255428284406662 0.2743564248085022 
