46 0.4723864793777466 0.5727975368499756 0.7913628816604614 0.8544049263000488 
46 0.4007546305656433 0.6083548069000244 0.48241180181503296 0.777967095375061 
19 0.5012656450271606 0.6119949817657471 0.9634852409362793 0.7707374095916748 
46 0.3970744013786316 0.6162418127059937 0.4650418758392334 0.7668613195419312 
19 0.4702734649181366 0.5572453737258911 0.8186205625534058 0.883334219455719 
19 0.39779338240623474 0.6164339780807495 0.468966543674469 0.7671319246292114 
46 0.47275468707084656 0.4971546232700348 0.7603570222854614 0.6793173551559448 
46 0.47040459513664246 0.5686306953430176 0.7950848340988159 0.8627386093139648 
30 0.39534932374954224 0.6172702312469482 0.4651869237422943 0.7654596567153931 
29 0.3985614776611328 0.6158285140991211 0.4633415937423706 0.7676035761833191 
