19 0.39890241622924805 0.3982435464859009 0.7978048324584961 0.7964870929718018 
30 0.5004259943962097 0.49587777256965637 0.9990825653076172 0.9917555451393127 
30 0.5044182538986206 0.39900630712509155 0.5686399936676025 0.7980126142501831 
47 0.14148679375648499 0.3926656246185303 0.28297358751296997 0.7853312492370605 
47 0.14033687114715576 0.39477214217185974 0.2806737422943115 0.7845480442047119 
30 0.14277136325836182 0.3941836357116699 0.28554272651672363 0.7883672714233398 
39 0.5060608386993408 0.3976743221282959 0.5760982036590576 0.7953486442565918 
47 0.5085445642471313 0.40126922726631165 0.5740458965301514 0.8025384545326233 
30 0.14019399881362915 0.39223599433898926 0.2803879976272583 0.7844719886779785 
24 0.5059266090393066 0.39594829082489014 0.5750154256820679 0.7918965816497803 
