20 0.5002168416976929 0.5003331899642944 0.9994809627532959 0.9927082061767578 
19 0.4554751217365265 0.5322996973991394 0.8628860712051392 0.9266189336776733 
47 0.5084100961685181 0.5326666831970215 0.7540585994720459 0.9253500699996948 
19 0.4587385654449463 0.5334528088569641 0.8564472198486328 0.9229315519332886 
19 0.24855394661426544 0.5401325225830078 0.4317459166049957 0.355679988861084 
49 0.5114008188247681 0.5329476594924927 0.7710850238800049 0.9276214838027954 
20 0.5125761032104492 0.5315375328063965 0.7712967395782471 0.9290486574172974 
19 0.5089837908744812 0.5324646234512329 0.7610889673233032 0.927047848701477 
19 0.5085886716842651 0.5332317352294922 0.7548385858535767 0.9249939918518066 
21 0.5100044012069702 0.5323526859283447 0.7712373733520508 0.9270244836807251 
