19 0.5000205039978027 0.342660129070282 0.9995276927947998 0.6819102168083191 
30 0.40095770359039307 0.3824911117553711 0.4777316749095917 0.599200963973999 
21 0.3685860335826874 0.5254602432250977 0.7367566823959351 0.8092357516288757 
47 0.435793399810791 0.404759019613266 0.4160114526748657 0.5650238990783691 
47 0.5003272891044617 0.557586669921875 0.9976111650466919 0.8720865845680237 
7 0.438042014837265 0.4027128517627716 0.4190738797187805 0.5660211443901062 
30 0.43807536363601685 0.4018940031528473 0.4199795126914978 0.5637930631637573 
7 0.43478256464004517 0.40318891406059265 0.4250667095184326 0.5666964650154114 
49 0.5004558563232422 0.09647822380065918 0.9990883469581604 0.19295644760131836 
30 0.4376577138900757 0.4030297100543976 0.41871023178100586 0.5668036937713623 
