30 0.5812339782714844 0.6362489461898804 0.835869550704956 0.4928000569343567 
30 0.5151712894439697 0.7278904914855957 0.7174489498138428 0.3000340461730957 
47 0.806177020072937 0.6308841705322266 0.38764601945877075 0.48337340354919434 
47 0.2834044396877289 0.7590543031692505 0.17724376916885376 0.10682487487792969 
30 0.5311369895935059 0.7193366289138794 0.7501133680343628 0.3183298110961914 
30 0.27893829345703125 0.759584903717041 0.1884787678718567 0.10640311241149902 
20 0.5364397168159485 0.7209809422492981 0.7607927322387695 0.3154712915420532 
47 0.28307729959487915 0.7508848309516907 0.19415022432804108 0.11366796493530273 
20 0.43652164936065674 0.6435747146606445 0.8730432987213135 0.47203129529953003 
21 0.5831118822097778 0.6342414021492004 0.8336606621742249 0.49275851249694824 
