19 0.5000414848327637 0.2983417212963104 0.9999170303344727 0.5592548847198486 
29 0.5227206945419312 0.4588272273540497 0.5496624708175659 0.2341284155845642 
19 0.5233268737792969 0.4611978530883789 0.5553436279296875 0.24220430850982666 
29 0.5176693797111511 0.46134448051452637 0.542281985282898 0.23390841484069824 
19 0.5223820209503174 0.46008211374282837 0.5518655776977539 0.2397516667842865 
30 0.5153648257255554 0.4613047242164612 0.5450953245162964 0.2382446825504303 
29 0.5189669132232666 0.46143561601638794 0.5391747951507568 0.23671329021453857 
19 0.5218732357025146 0.46140578389167786 0.550994873046875 0.2363331913948059 
7 0.5185774564743042 0.4612693786621094 0.5383299589157104 0.23578691482543945 
30 0.5228554010391235 0.46034109592437744 0.5544174909591675 0.23933926224708557 
