19 0.47249436378479004 0.5873308181762695 0.7925485372543335 0.8155707716941833 
46 0.4426361322402954 0.47482749819755554 0.8852722644805908 0.9346846342086792 
19 0.4811805188655853 0.5769224166870117 0.8488427400588989 0.8378732204437256 
46 0.3910636007785797 0.6683704853057861 0.5598196387290955 0.6632589101791382 
19 0.48677733540534973 0.6663722991943359 0.961296558380127 0.6577286720275879 
30 0.3839873671531677 0.6679192781448364 0.5440332889556885 0.6561968326568604 
46 0.46154502034187317 0.527077317237854 0.8661282062530518 0.9341655969619751 
46 0.35501548647880554 0.6680484414100647 0.5744639039039612 0.6570485830307007 
29 0.3798195421695709 0.6692667007446289 0.5421121716499329 0.6586683988571167 
29 0.43573468923568726 0.4792955219745636 0.8714693784713745 0.9443386793136597 
