7 0.5003067255020142 0.4636605679988861 0.9990123510360718 0.9213845729827881 
19 0.5003389120101929 0.4654827415943146 0.9983248710632324 0.9257248044013977 
28 0.32756882905960083 0.5700984001159668 0.6551376581192017 0.7119996547698975 
30 0.49984192848205566 0.3838807940483093 0.9996838569641113 0.7647320032119751 
30 0.3822309970855713 0.6014387607574463 0.5364290475845337 0.6467005014419556 
28 0.3823457658290863 0.6013184785842896 0.5331167578697205 0.6430149078369141 
30 0.5006923675537109 0.3577437102794647 0.9984294176101685 0.7072622776031494 
19 0.3865584433078766 0.6035761833190918 0.536737322807312 0.6537271738052368 
29 0.3243348002433777 0.5781968832015991 0.6486696004867554 0.694686233997345 
22 0.8259711265563965 0.36504480242729187 0.1490015983581543 0.6038585901260376 
