21 0.49964049458503723 0.8152078986167908 0.9992809891700745 0.34531867504119873 
47 0.6483377814292908 0.6649579405784607 0.11659908294677734 0.2700001001358032 
47 0.6459303498268127 0.6668749451637268 0.11982941627502441 0.2707357406616211 
30 0.646713137626648 0.6665075421333313 0.11827611923217773 0.2718907594680786 
30 0.4954832196235657 0.43482571840286255 0.972347617149353 0.8645809888839722 
30 0.500123143196106 0.4787592589855194 0.9997537136077881 0.9539019465446472 
22 0.6463623046875 0.6661264300346375 0.12039315700531006 0.27125096321105957 
19 0.35670751333236694 0.7827020883560181 0.27382388710975647 0.35546815395355225 
30 0.18861240148544312 0.7622578144073486 0.10593622922897339 0.22019636631011963 
47 0.4977262318134308 0.4331745207309723 0.9791791439056396 0.861832320690155 
