19 0.5006988048553467 0.5 0.9986023902893066 1.0 
21 0.4906380772590637 0.630286455154419 0.788758397102356 0.7292085886001587 
19 0.49034222960472107 0.6302845478057861 0.7962144613265991 0.7335295677185059 
29 0.4891452491283417 0.6317806243896484 0.7956221103668213 0.7279254198074341 
19 0.11017127335071564 0.4167616367340088 0.22034254670143127 0.720940351486206 
19 0.4892773926258087 0.6334748268127441 0.7964385151863098 0.7272162437438965 
29 0.48838284611701965 0.6368623971939087 0.8024654388427734 0.7262752056121826 
19 0.4878823459148407 0.6355504989624023 0.7999649047851562 0.7288991212844849 
29 0.5006037950515747 0.49879854917526245 0.9987924695014954 0.9975970983505249 
19 0.4900563061237335 0.6365945339202881 0.7952373027801514 0.726810872554779 
