47 0.4996882975101471 0.9175810813903809 0.9993765950202942 0.15665555000305176 
47 0.437710165977478 0.5318812131881714 0.8741044998168945 0.9172156453132629 
30 0.5397170782089233 0.5216987133026123 0.6919963359832764 0.8958572149276733 
22 0.4388439655303955 0.5307691097259521 0.8706408739089966 0.9094562530517578 
47 0.5322573184967041 0.5176302194595337 0.7008851766586304 0.9106757640838623 
30 0.4994490146636963 0.5289989709854126 0.9941585063934326 0.9288886785507202 
19 0.5 0.9158535599708557 1.0 0.15899240970611572 
43 0.4996946156024933 0.7213772535324097 0.9993892312049866 0.5493621230125427 
5 0.5328713059425354 0.5138353109359741 0.7027944326400757 0.8959035873413086 
30 0.5316529273986816 0.5121758580207825 0.7037354707717896 0.9006648063659668 
