30 0.500328779220581 0.49893540143966675 0.9993425607681274 0.9978708028793335 
5 0.8075653314590454 0.2894950211048126 0.38486939668655396 0.5702744126319885 
47 0.6121065616607666 0.7290539741516113 0.775786817073822 0.535239577293396 
19 0.6465484499931335 0.5112676620483398 0.3918565511703491 0.09831815958023071 
30 0.5002632141113281 0.7036406397819519 0.9994735717773438 0.5878487825393677 
47 0.5002994537353516 0.6181516647338867 0.9994010925292969 0.7577759027481079 
30 0.5003124475479126 0.509023904800415 0.99937504529953 0.9808944463729858 
30 0.5002902746200562 0.7000682353973389 0.9994193911552429 0.5978705883026123 
30 0.2335822731256485 0.23620370030403137 0.467164546251297 0.43460583686828613 
30 0.5003314018249512 0.6552736759185791 0.9993370771408081 0.6894525289535522 
