47 0.5006090402603149 0.4575398862361908 0.9987783432006836 0.5108146071434021 
19 0.47960591316223145 0.42711880803108215 0.3889164924621582 0.4524286389350891 
30 0.5910409688949585 0.4892508387565613 0.613860011100769 0.5717593431472778 
19 0.4782521724700928 0.4237866997718811 0.3745502233505249 0.44048231840133667 
37 0.47325363755226135 0.42358654737472534 0.38038569688796997 0.45046257972717285 
30 0.5893845558166504 0.48937860131263733 0.6261355876922607 0.5745489597320557 
47 0.4809359908103943 0.4246094226837158 0.38658618927001953 0.44114571809768677 
19 0.4773140847682953 0.4254165291786194 0.3733838200569153 0.4401746988296509 
19 0.4311531186103821 0.2585484981536865 0.07037901878356934 0.11097851395606995 
29 0.4768245220184326 0.4238452911376953 0.37960362434387207 0.44263675808906555 
