30 0.5002207159996033 0.5704652070999146 0.9985003471374512 0.8419327735900879 
47 0.7421746850013733 0.357684850692749 0.2409886121749878 0.43952539563179016 
47 0.5002156496047974 0.5694596767425537 0.9979649782180786 0.8402588367462158 
37 0.12342681735754013 0.5578249096870422 0.23402352631092072 0.4724607467651367 
29 0.5439460277557373 0.5428693294525146 0.20652511715888977 0.797226071357727 
30 0.5001788139343262 0.6969009041786194 0.9978411197662354 0.5943738222122192 
37 0.5450358390808105 0.5422273278236389 0.20703008770942688 0.7981826066970825 
19 0.5006797313690186 0.6983245611190796 0.9984307289123535 0.5894203186035156 
19 0.5462636351585388 0.5466412305831909 0.21266686916351318 0.7950208187103271 
19 0.5472520589828491 0.5459633469581604 0.20995140075683594 0.7931780815124512 
