20 0.700396716594696 0.5044026374816895 0.5992065668106079 0.9838319420814514 
19 0.7003790736198425 0.5039576292037964 0.5992418527603149 0.9852523803710938 
47 0.05302920937538147 0.676303505897522 0.10605841875076294 0.6327626705169678 
19 0.6108750104904175 0.6656103730201721 0.4161633253097534 0.6594467163085938 
42 0.6114259958267212 0.6707638502120972 0.4193286895751953 0.6503409147262573 
42 0.1887982189655304 0.6279278993606567 0.11446148157119751 0.5417488813400269 
47 0.05326497554779053 0.6768507957458496 0.10652995109558105 0.6321501731872559 
19 0.6110843420028687 0.6711229085922241 0.4195021390914917 0.652527928352356 
47 0.6120163202285767 0.6667332053184509 0.4206119775772095 0.6563581228256226 
32 0.6117514371871948 0.6714675426483154 0.4196045398712158 0.650556206703186 
