19 0.8861144185066223 0.5304811000823975 0.22777116298675537 0.7997711896896362 
47 0.3403055965900421 0.3003458082675934 0.5450515747070312 0.6006916165351868 
47 0.25806117057800293 0.38658809661865234 0.3887730836868286 0.40705159306526184 
47 0.28155213594436646 0.39870506525039673 0.4108203053474426 0.4212648868560791 
47 0.26039445400238037 0.38062840700149536 0.39869892597198486 0.3945513367652893 
19 0.5004140734672546 0.4977782666683197 0.9980477094650269 0.9955565333366394 
19 0.4274470806121826 0.302341103553772 0.36644312739372253 0.604682207107544 
47 0.4269965887069702 0.3017800450325012 0.3642656207084656 0.6035600900650024 
29 0.8880940079689026 0.5294668674468994 0.22381198406219482 0.7987744808197021 
49 0.887809157371521 0.5447341203689575 0.22438174486160278 0.8312469720840454 
