30 0.43690744042396545 0.6504210233688354 0.6750497221946716 0.671915590763092 
19 0.5207541584968567 0.8883320093154907 0.878598690032959 0.217087984085083 
30 0.23732295632362366 0.5007326602935791 0.4742995500564575 0.9977946281433105 
19 0.3955937325954437 0.5564752817153931 0.14355820417404175 0.47441354393959045 
30 0.39555492997169495 0.42172059416770935 0.14445143938064575 0.20599204301834106 
28 0.3973039984703064 0.41688936948776245 0.16277527809143066 0.216398686170578 
7 0.7853790521621704 0.4984925091266632 0.41470134258270264 0.9912012815475464 
30 0.5242023468017578 0.8870246410369873 0.8730881810188293 0.21968281269073486 
29 0.3979577422142029 0.417382150888443 0.1631188988685608 0.21889406442642212 
28 0.4328918755054474 0.8067014217376709 0.671044111251831 0.3854605555534363 
