37 0.39509275555610657 0.46694815158843994 0.523288905620575 0.9338963031768799 
47 0.39144429564476013 0.5479425191879272 0.5394027233123779 0.7904980182647705 
30 0.3907318413257599 0.5461055040359497 0.5313151478767395 0.7873304486274719 
19 0.38995054364204407 0.6157423853874207 0.5279360413551331 0.6595073938369751 
19 0.4093269109725952 0.2150927484035492 0.0880270004272461 0.12507952749729156 
29 0.08411920070648193 0.5248820185661316 0.09215179085731506 0.24462223052978516 
30 0.4768795371055603 0.5101991891860962 0.28820762038230896 0.7126166820526123 
30 0.6816456317901611 0.5344992876052856 0.06961953639984131 0.24448704719543457 
30 0.39105382561683655 0.6135643124580383 0.5398926734924316 0.6572400331497192 
7 0.3905348479747772 0.6149261593818665 0.5348458886146545 0.6636141538619995 
