47 0.4703220725059509 0.49917763471603394 0.9403867721557617 0.9983552694320679 
19 0.6986894607543945 0.5078823566436768 0.48193100094795227 0.97197425365448 
30 0.7022623419761658 0.5097999572753906 0.4767698049545288 0.968044638633728 
19 0.7003646492958069 0.5092679262161255 0.4743518829345703 0.9697502851486206 
47 0.7034342885017395 0.510461688041687 0.47824740409851074 0.9708028435707092 
28 0.6986965537071228 0.5075530409812927 0.4822556972503662 0.9722877740859985 
29 0.6981355547904968 0.5079541206359863 0.47716984152793884 0.9721696376800537 
29 0.6999090313911438 0.5099010467529297 0.47787368297576904 0.9765783548355103 
19 0.6990508437156677 0.5079137086868286 0.4801560938358307 0.9738883972167969 
29 0.7003753185272217 0.5087769031524658 0.4787103831768036 0.9696879386901855 
