30 0.5003715753555298 0.6649572253227234 0.9992568492889404 0.6583292484283447 
19 0.4801962077617645 0.5460281372070312 0.37946563959121704 0.4207233190536499 
19 0.6113255620002747 0.592512309551239 0.11752545833587646 0.3305877149105072 
30 0.4588903784751892 0.4784100651741028 0.34480413794517517 0.2855536937713623 
30 0.5003942251205444 0.666755199432373 0.9992114305496216 0.6575620174407959 
47 0.500353217124939 0.6636637449264526 0.9992936253547668 0.6641604900360107 
20 0.5003765821456909 0.6637842655181885 0.9992468357086182 0.6586105823516846 
47 0.5428357124328613 0.5130393505096436 0.12322777509689331 0.21789884567260742 
29 0.6109915375709534 0.593230664730072 0.1184241771697998 0.33031976222991943 
20 0.6112140417098999 0.5915518999099731 0.11773335933685303 0.3314858675003052 
