30 0.46119076013565063 0.49873462319374084 0.9223815202713013 0.9918520450592041 
30 0.46518945693969727 0.49875378608703613 0.9303789138793945 0.9936343431472778 
30 0.46465712785720825 0.4990152418613434 0.9293142557144165 0.9891985058784485 
30 0.46029335260391235 0.49911925196647644 0.9205867052078247 0.9899744987487793 
30 0.47005075216293335 0.49847936630249023 0.9401015043258667 0.9926927089691162 
30 0.4669610559940338 0.4987926781177521 0.9339221119880676 0.9904133081436157 
30 0.46496203541755676 0.4988707900047302 0.9299240708351135 0.990811824798584 
30 0.46023494005203247 0.49914583563804626 0.9204698801040649 0.9896693825721741 
30 0.46596217155456543 0.4988252818584442 0.9319243431091309 0.9916553497314453 
5 0.4604126811027527 0.49912285804748535 0.9208253622055054 0.9885984659194946 
