30 0.5215235948562622 0.7693871855735779 0.6576805114746094 0.4537421464920044 
28 0.5214022397994995 0.7705996632575989 0.6686983108520508 0.45273685455322266 
21 0.5070677399635315 0.787066638469696 0.8899034261703491 0.41607391834259033 
28 0.5194894671440125 0.7698076367378235 0.6581637859344482 0.4555089473724365 
28 0.5180556774139404 0.8284069895744324 0.6628404855728149 0.33281755447387695 
28 0.504350483417511 0.7460993528366089 0.24230971932411194 0.42303013801574707 
30 0.5203174948692322 0.8329715132713318 0.660334587097168 0.32770562171936035 
49 0.4312298595905304 0.7891891002655029 0.8334936499595642 0.4183081388473511 
30 0.4436187148094177 0.7851592302322388 0.8304949998855591 0.4205209016799927 
30 0.5393091440200806 0.7961729168891907 0.7039546966552734 0.4004758596420288 
