28 0.5891067981719971 0.4590165317058563 0.8217863440513611 0.913034975528717 
19 0.35368311405181885 0.7720526456832886 0.34070396423339844 0.2900294065475464 
30 0.3495013117790222 0.7727748155593872 0.3455449044704437 0.28803372383117676 
7 0.6439418792724609 0.3565554618835449 0.7121161818504333 0.7131109237670898 
19 0.34884679317474365 0.7711149454116821 0.3437764346599579 0.286838173866272 
30 0.6439560651779175 0.35839366912841797 0.7119050025939941 0.7088489532470703 
19 0.5942970514297485 0.4580534100532532 0.8114058971405029 0.9161068201065063 
30 0.35111528635025024 0.7784935235977173 0.33350670337677 0.27442193031311035 
19 0.6454412937164307 0.3490305542945862 0.7091174125671387 0.6980611085891724 
19 0.6474774479866028 0.35749512910842896 0.7050451040267944 0.7149902582168579 
