19 0.24905791878700256 0.4216860830783844 0.2066660374403 0.2626052498817444 
19 0.7227336168289185 0.5097744464874268 0.21510887145996094 0.27739694714546204 
29 0.7220715284347534 0.5107765197753906 0.22534704208374023 0.28433239459991455 
29 0.7227192521095276 0.5102744102478027 0.21287357807159424 0.27351462841033936 
29 0.4834654927253723 0.4523303508758545 0.16016006469726562 0.2582385241985321 
19 0.7233321666717529 0.5093806982040405 0.21460586786270142 0.2656899094581604 
29 0.7253078818321228 0.5055088400840759 0.21574389934539795 0.2546941339969635 
29 0.7210360169410706 0.5090754628181458 0.22120022773742676 0.2808893918991089 
19 0.4834281802177429 0.4509994089603424 0.1488235890865326 0.2455706000328064 
19 0.7242398262023926 0.5093428492546082 0.21712172031402588 0.26688718795776367 
