30 0.39613503217697144 0.4816840589046478 0.7922700643539429 0.9633681178092957 
30 0.501171350479126 0.7543225288391113 0.9930754899978638 0.4850344657897949 
30 0.8057725429534912 0.8401021957397461 0.09805208444595337 0.3092474937438965 
30 0.805095911026001 0.8375430107116699 0.09582650661468506 0.31346940994262695 
47 0.5099288821220398 0.6590481996536255 0.05250132083892822 0.18007946014404297 
30 0.5015138983726501 0.7522604465484619 0.9881808757781982 0.4848693609237671 
30 0.39767447113990784 0.48617902398109436 0.7953489422798157 0.9630945920944214 
47 0.6206694841384888 0.6969418525695801 0.7240585088729858 0.5949237942695618 
10 0.5933459997177124 0.7599480748176575 0.7942956686019897 0.471423864364624 
47 0.3952639698982239 0.48350605368614197 0.7905279397964478 0.9601438045501709 
