30 0.4878305494785309 0.5096787810325623 0.5626357793807983 0.9738028049468994 
30 0.4893876910209656 0.5087459087371826 0.5725195407867432 0.9763695001602173 
47 0.5001895427703857 0.49779796600341797 0.9996209144592285 0.9955959320068359 
47 0.48758789896965027 0.5098686218261719 0.5656780004501343 0.9742554426193237 
47 0.4547148048877716 0.20510657131671906 0.306169331073761 0.3727211356163025 
7 0.4874447286128998 0.508752167224884 0.5631845593452454 0.9757134914398193 
19 0.48833391070365906 0.5094921588897705 0.5652437210083008 0.9737796783447266 
7 0.5415552258491516 0.6613955497741699 0.4389888048171997 0.6710699796676636 
19 0.48700180649757385 0.507445216178894 0.5649291276931763 0.9788875579833984 
30 0.48790863156318665 0.5102272629737854 0.5653811693191528 0.9731745719909668 
