47 0.49997544288635254 0.5047112703323364 0.9995357990264893 0.9840729236602783 
19 0.5000708103179932 0.5027482509613037 0.9990557432174683 0.9836468696594238 
19 0.5001741647720337 0.5008825063705444 0.9993125200271606 0.9903941750526428 
19 0.4999832808971405 0.5035178661346436 0.9992640018463135 0.9852526187896729 
19 0.5005512833595276 0.5004605054855347 0.9978471994400024 0.9862403869628906 
19 0.500568151473999 0.5001273155212402 0.9975935220718384 0.9872771501541138 
47 0.5005354285240173 0.4997803866863251 0.9978979825973511 0.9870840907096863 
47 0.5000457763671875 0.5045020580291748 0.9994021654129028 0.985053539276123 
29 0.5000923871994019 0.5031989812850952 0.9992882013320923 0.9867764711380005 
19 0.44859614968299866 0.24069488048553467 0.5606561899185181 0.4718421697616577 
