19 0.5004996657371521 0.49830472469329834 0.9977618455886841 0.9966094493865967 
19 0.6141036748886108 0.22620153427124023 0.5426024198532104 0.443544864654541 
19 0.6047594547271729 0.270285964012146 0.3409592807292938 0.28791314363479614 
19 0.6024875044822693 0.2706834077835083 0.3400900363922119 0.2893993854522705 
29 0.6002033948898315 0.2708105444908142 0.332661896944046 0.28879350423812866 
19 0.6022120714187622 0.26999056339263916 0.33737948536872864 0.2927458882331848 
29 0.6038222312927246 0.26800763607025146 0.34384679794311523 0.29669123888015747 
29 0.6030662059783936 0.2715134620666504 0.35579657554626465 0.29580092430114746 
29 0.602023720741272 0.26932230591773987 0.33863627910614014 0.29537636041641235 
19 0.6018579602241516 0.2709353268146515 0.3384901285171509 0.29483288526535034 
