30 0.5003397464752197 0.47965848445892334 0.9993205666542053 0.9593169689178467 
30 0.5003070831298828 0.45409518480300903 0.9993858337402344 0.9081903696060181 
30 0.8554819822311401 0.8248527646064758 0.05510610342025757 0.17376887798309326 
47 0.4996970295906067 0.4998546242713928 0.9988601207733154 0.9872677326202393 
7 0.5798520445823669 0.5288903713226318 0.26734375953674316 0.9205275774002075 
22 0.49991264939308167 0.5885629653930664 0.999595582485199 0.8115763664245605 
30 0.4998544156551361 0.8633154630661011 0.9980005621910095 0.26029151678085327 
30 0.49971869587898254 0.8718171119689941 0.9989399313926697 0.24338692426681519 
30 0.5002149343490601 0.454302042722702 0.9988803863525391 0.9037694931030273 
30 0.4597655236721039 0.8197184801101685 0.07142716646194458 0.16637182235717773 
