20 0.5006456971168518 0.4862346649169922 0.9906197786331177 0.9724693298339844 
19 0.5004149675369263 0.4687168598175049 0.9886928796768188 0.9374337196350098 
47 0.32841557264328003 0.4716624915599823 0.42748141288757324 0.9371282458305359 
20 0.32709747552871704 0.4707029461860657 0.42789435386657715 0.9351357221603394 
47 0.32887351512908936 0.4732712507247925 0.426898717880249 0.9398503303527832 
47 0.5420165061950684 0.6326588988304138 0.34094762802124023 0.6835706233978271 
47 0.32623523473739624 0.4718795120716095 0.42711663246154785 0.9392136335372925 
19 0.5435509085655212 0.6332309246063232 0.34124839305877686 0.6828756332397461 
47 0.5413744449615479 0.6344034671783447 0.34222412109375 0.6907348036766052 
19 0.3283486068248749 0.47322550415992737 0.42552417516708374 0.9411595463752747 
