47 0.4989459216594696 0.6222920417785645 0.4313049912452698 0.7461146116256714 
47 0.4961395263671875 0.6228750348091125 0.43378546833992004 0.746684193611145 
47 0.06961023807525635 0.4749355614185333 0.1392204761505127 0.5193321704864502 
30 0.20157451927661896 0.5746230483055115 0.3948749899864197 0.8421319723129272 
47 0.49682489037513733 0.6238664388656616 0.4311050772666931 0.7471718788146973 
19 0.20680774748325348 0.5745261907577515 0.4053290784358978 0.8422869443893433 
30 0.4964213967323303 0.6217641234397888 0.43414178490638733 0.7483494281768799 
19 0.20247873663902283 0.5734540224075317 0.39666515588760376 0.8419448137283325 
19 0.4948499798774719 0.622707188129425 0.43394580483436584 0.7465472221374512 
47 0.49589478969573975 0.6228431463241577 0.43637728691101074 0.7495861053466797 
