19 0.5003002285957336 0.3902145326137543 0.9991022348403931 0.7230689525604248 
19 0.5003610849380493 0.4983987510204315 0.9992778301239014 0.9928199648857117 
30 0.5095559358596802 0.49919554591178894 0.20924818515777588 0.33775919675827026 
47 0.5083329677581787 0.518832802772522 0.21623924374580383 0.3792493939399719 
19 0.5005144476890564 0.3665044605731964 0.9989711046218872 0.6689915657043457 
23 0.5078562498092651 0.51849365234375 0.22084343433380127 0.38348400592803955 
23 0.5004344582557678 0.3666384518146515 0.9991310834884644 0.7040115594863892 
29 0.5091341137886047 0.49673226475715637 0.2067316770553589 0.3368152976036072 
49 0.510343074798584 0.4977415204048157 0.20219361782073975 0.3357212543487549 
19 0.5200720429420471 0.48712024092674255 0.08502829074859619 0.15138858556747437 
