19 0.393465131521225 0.5460171699523926 0.7743972539901733 0.9012303352355957 
30 0.3986322581768036 0.5442095994949341 0.7887656688690186 0.9052020311355591 
19 0.5018056631088257 0.5457428693771362 0.9961429834365845 0.9033364057540894 
30 0.3968977630138397 0.5482491850852966 0.7661626935005188 0.8922078609466553 
19 0.3955126404762268 0.5454296469688416 0.7872068881988525 0.9033602476119995 
30 0.4817611277103424 0.5420418381690979 0.5954868793487549 0.8975950479507446 
19 0.39986181259155273 0.5461046695709229 0.7809395790100098 0.8988168239593506 
30 0.5527934432029724 0.7905412316322327 0.12128022313117981 0.29284822940826416 
19 0.3986581265926361 0.5466231107711792 0.7858052253723145 0.8999863862991333 
42 0.39539942145347595 0.5470998883247375 0.7855277061462402 0.9052985906600952 
