37 0.28196340799331665 0.6579471826553345 0.33707356452941895 0.6056158542633057 
37 0.6538258790969849 0.46350640058517456 0.1163109540939331 0.24044159054756165 
47 0.5138007998466492 0.4933554232120514 0.3967531621456146 0.36612099409103394 
47 0.6385833024978638 0.4467347264289856 0.08537852764129639 0.20866504311561584 
30 0.27288639545440674 0.628179132938385 0.3467610478401184 0.6428745985031128 
37 0.2461622655391693 0.4936826527118683 0.2041662186384201 0.5255541205406189 
30 0.28882157802581787 0.6589511036872864 0.3379286527633667 0.6046788692474365 
47 0.26545482873916626 0.59488844871521 0.3310655355453491 0.7249413728713989 
47 0.37885043025016785 0.49745792150497437 0.12943869829177856 0.37397661805152893 
37 0.49162572622299194 0.4946756958961487 0.3482048809528351 0.3661690652370453 
