30 0.457129567861557 0.5811492800712585 0.9102833271026611 0.8268876075744629 
30 0.43731144070625305 0.3251490294933319 0.8738914132118225 0.4480741322040558 
30 0.4363296329975128 0.3902360498905182 0.867779552936554 0.4631885886192322 
30 0.45462897419929504 0.5809592008590698 0.9086271524429321 0.8290401697158813 
42 0.45472005009651184 0.5841291546821594 0.9067450165748596 0.8229690790176392 
30 0.43907487392425537 0.5421648025512695 0.8781497478485107 0.7519588470458984 
30 0.4363270699977875 0.3584263324737549 0.8692753314971924 0.37835806608200073 
30 0.4435586631298065 0.582705557346344 0.8681692481040955 0.8158608675003052 
42 0.4434818923473358 0.3874410390853882 0.8820433616638184 0.46995705366134644 
42 0.45318812131881714 0.5825754404067993 0.9058265686035156 0.8276228904724121 
