47 0.466156005859375 0.39136144518852234 0.15370583534240723 0.13257402181625366 
47 0.6569767594337463 0.5272375345230103 0.6120132207870483 0.5872441530227661 
47 0.6549108624458313 0.5212230682373047 0.6140974760055542 0.5836130380630493 
30 0.5804322957992554 0.34695684909820557 0.1255244016647339 0.08689188957214355 
47 0.6521130800247192 0.5223813056945801 0.612868070602417 0.5826085805892944 
47 0.6516706943511963 0.523617148399353 0.61439049243927 0.5851967334747314 
47 0.9263855218887329 0.5375490188598633 0.14616698026657104 0.1999412178993225 
19 0.6536595821380615 0.5234799385070801 0.615220308303833 0.5841306447982788 
47 0.1407223641872406 0.5708965063095093 0.13537350296974182 0.13475370407104492 
30 0.6520137190818787 0.5279189348220825 0.6107325553894043 0.5937229990959167 
