30 0.5587890148162842 0.48870736360549927 0.8341038227081299 0.9774147272109985 
30 0.5604753494262695 0.696783721446991 0.8319439888000488 0.5626626014709473 
19 0.5003131628036499 0.5923484563827515 0.9993737936019897 0.8056607246398926 
47 0.5560215711593628 0.7033610343933105 0.8345460295677185 0.5679932236671448 
13 0.5003184676170349 0.5896523594856262 0.9993630647659302 0.8045172691345215 
30 0.5310895442962646 0.2056005746126175 0.5970315933227539 0.41066551208496094 
30 0.5002901554107666 0.6019917130470276 0.9994196891784668 0.7846829891204834 
19 0.5394465923309326 0.20795799791812897 0.6198990345001221 0.41591599583625793 
30 0.5306570529937744 0.2069544643163681 0.6005880832672119 0.4139089286327362 
30 0.5313500165939331 0.20596182346343994 0.6026822328567505 0.4119236469268799 
