30 0.5000879168510437 0.7687630653381348 0.9996657371520996 0.4559003710746765 
30 0.5000091791152954 0.7662337422370911 0.9994775056838989 0.4592031240463257 
30 0.49998581409454346 0.7641787528991699 0.9995088577270508 0.4604693651199341 
30 0.5000753402709961 0.7765838503837585 0.9995898008346558 0.4395577907562256 
30 0.4999946057796478 0.7659069299697876 0.9994685649871826 0.45678770542144775 
30 0.5000154972076416 0.7791223526000977 0.9995501041412354 0.4339754581451416 
30 0.6811276078224182 0.6166884303092957 0.06121218204498291 0.20161032676696777 
28 0.5000614523887634 0.7754944562911987 0.9994992017745972 0.4412953853607178 
39 0.500051736831665 0.7720648646354675 0.9995664358139038 0.44868743419647217 
47 0.5000250339508057 0.6944552659988403 0.9994305372238159 0.6029165983200073 
