47 0.7416049242019653 0.7118022441864014 0.1749356985092163 0.5682440996170044 
47 0.12319295108318329 0.5958768129348755 0.1113148108124733 0.45106521248817444 
47 0.5832816362380981 0.6503387689590454 0.13181066513061523 0.6716309785842896 
47 0.9040205478668213 0.6898375153541565 0.19195884466171265 0.6104283332824707 
20 0.17434248328208923 0.5561856031417847 0.26008349657058716 0.5223758220672607 
47 0.686018168926239 0.5977047681808472 0.14516222476959229 0.7366301417350769 
47 0.10811274498701096 0.5961335897445679 0.13723689317703247 0.4494345188140869 
47 0.6232820749282837 0.6470978856086731 0.21194791793823242 0.6697797775268555 
30 0.38716036081314087 0.6110890507698059 0.13046836853027344 0.5186524391174316 
47 0.5820260643959045 0.6466801166534424 0.12964725494384766 0.6679503917694092 
