47 0.500377893447876 0.636673092842102 0.9992443323135376 0.7241982221603394 
47 0.6383590698242188 0.4761599004268646 0.6528458595275879 0.8871013522148132 
19 0.7923087477684021 0.6072210073471069 0.31713366508483887 0.6644177436828613 
47 0.37229543924331665 0.4769120216369629 0.5775644779205322 0.8825194835662842 
20 0.2488977462053299 0.6354740262031555 0.2790467143058777 0.558147668838501 
20 0.48931270837783813 0.4781701862812042 0.3652341365814209 0.8924999237060547 
47 0.25267332792282104 0.6337000131607056 0.3436588644981384 0.5588477849960327 
47 0.500365138053894 0.6754341721534729 0.9992697834968567 0.6428229808807373 
19 0.7907528281211853 0.6038233041763306 0.3155338764190674 0.6608562469482422 
20 0.48948168754577637 0.4762955605983734 0.3614283800125122 0.8899937868118286 
