47 0.329339861869812 0.4958893656730652 0.6531136631965637 0.9917787313461304 
47 0.4519796073436737 0.4161146581172943 0.806868314743042 0.8269230127334595 
47 0.44020897150039673 0.3310074806213379 0.424854040145874 0.6620149612426758 
7 0.5383409261703491 0.13369444012641907 0.1913687288761139 0.2607306241989136 
19 0.4418913722038269 0.334329217672348 0.4300116002559662 0.6674158573150635 
19 0.4408801198005676 0.3332779109477997 0.43133801221847534 0.6649489998817444 
30 0.44094574451446533 0.32991936802864075 0.42842453718185425 0.6592420339584351 
7 0.43983668088912964 0.33125433325767517 0.42663440108299255 0.6603389382362366 
30 0.44025182723999023 0.33088284730911255 0.42698389291763306 0.6617656946182251 
47 0.4559844434261322 0.4115591049194336 0.8250205516815186 0.8231182098388672 
