30 0.7575934529304504 0.5449450016021729 0.4848130941390991 0.9010646343231201 
30 0.4721268117427826 0.5678192377090454 0.5335342884063721 0.7522779107093811 
28 0.8472031950950623 0.537071704864502 0.3040269613265991 0.9128493070602417 
30 0.5222419500350952 0.8098803758621216 0.42146286368370056 0.36950111389160156 
32 0.48007431626319885 0.5899999141693115 0.5459359884262085 0.808584451675415 
42 0.4737330973148346 0.5718427300453186 0.5179439783096313 0.771051287651062 
21 0.8491204380989075 0.5452076196670532 0.30175912380218506 0.8899600505828857 
30 0.8512284755706787 0.5428098440170288 0.2975429892539978 0.8966466188430786 
32 0.8496545553207397 0.5437979698181152 0.30053144693374634 0.8941354751586914 
19 0.46632376313209534 0.5869815349578857 0.5305963754653931 0.8129150867462158 
