47 0.4344576895236969 0.505807638168335 0.8539523482322693 0.978897213935852 
19 0.43391281366348267 0.5046380758285522 0.8507617712020874 0.9835827350616455 
47 0.434935063123703 0.5006420612335205 0.8445316553115845 0.9825747013092041 
30 0.43547558784484863 0.49998393654823303 0.8522158861160278 0.9856381416320801 
19 0.4374028742313385 0.5050480961799622 0.8487551212310791 0.9821125268936157 
19 0.43522587418556213 0.5051765441894531 0.8519430756568909 0.9835267066955566 
21 0.6033920049667358 0.775557279586792 0.2370736002922058 0.3269093632698059 
49 0.43707552552223206 0.5045331716537476 0.8507075309753418 0.9827092885971069 
20 0.4390822649002075 0.5006222724914551 0.8491295576095581 0.991011381149292 
19 0.4375350773334503 0.5058761835098267 0.8455109000205994 0.9827443361282349 
