30 0.17329147458076477 0.21803922951221466 0.19787395000457764 0.20994624495506287 
30 0.753322184085846 0.3566177189350128 0.4856526851654053 0.6921253204345703 
22 0.7465671896934509 0.43810704350471497 0.4857591390609741 0.8118447065353394 
30 0.7480117678642273 0.36505547165870667 0.48584210872650146 0.6696460247039795 
19 0.7480664849281311 0.34333255887031555 0.4815288782119751 0.639244019985199 
30 0.16858381032943726 0.21762558817863464 0.1904914379119873 0.21011756360530853 
19 0.7444527745246887 0.3431364893913269 0.4796959161758423 0.5962222814559937 
30 0.7494955062866211 0.37563881278038025 0.4869253635406494 0.6935864686965942 
19 0.2557700574398041 0.24252741038799286 0.21163886785507202 0.20845350623130798 
29 0.6602731943130493 0.5000323057174683 0.6632953882217407 0.9609021544456482 
