19 0.5003652572631836 0.5737830400466919 0.9992694854736328 0.8475039005279541 
19 0.511756420135498 0.4851432144641876 0.9691944122314453 0.6322991847991943 
29 0.30882498621940613 0.5949775576591492 0.563055694103241 0.4197710454463959 
29 0.30883267521858215 0.5945373177528381 0.5636863708496094 0.414920449256897 
30 0.5000011324882507 0.6893622875213623 0.9990969896316528 0.6183934211730957 
29 0.30557653307914734 0.5942015051841736 0.5572785139083862 0.4149678945541382 
29 0.30335572361946106 0.5931540131568909 0.5552465319633484 0.4127774238586426 
19 0.30972740054130554 0.5941262245178223 0.5643596053123474 0.4186776876449585 
39 0.30541548132896423 0.5921042561531067 0.5539546012878418 0.41051292419433594 
19 0.30930712819099426 0.5961926579475403 0.5648611783981323 0.41396769881248474 
