20 0.6324877738952637 0.5175378322601318 0.657263994216919 0.752311110496521 
47 0.6310607194900513 0.5180468559265137 0.6558500528335571 0.7523248195648193 
47 0.24353331327438354 0.4970899820327759 0.35056382417678833 0.8088405132293701 
19 0.6209417581558228 0.5166356563568115 0.6494685411453247 0.7565515041351318 
47 0.6247918605804443 0.518377423286438 0.6424911022186279 0.7449753284454346 
47 0.4999821186065674 0.5073996186256409 0.9996638298034668 0.7658182978630066 
19 0.6483874320983887 0.5158663988113403 0.6823110580444336 0.7567169666290283 
47 0.24488739669322968 0.497091144323349 0.3556376099586487 0.8114657998085022 
19 0.6313239336013794 0.5177751779556274 0.6648862361907959 0.7517575025558472 
47 0.6327263116836548 0.5178537368774414 0.6697570085525513 0.7534807920455933 
