21 0.5830278396606445 0.5234657526016235 0.4405555725097656 0.9428234100341797 
21 0.588524580001831 0.5237715244293213 0.4293615221977234 0.936927318572998 
21 0.5978532433509827 0.5234991908073425 0.45282959938049316 0.9415730834007263 
21 0.49989423155784607 0.7202233076095581 0.9960322976112366 0.5531704425811768 
21 0.5068373680114746 0.5149782299995422 0.4018349051475525 0.957271158695221 
21 0.5001110434532166 0.7199247479438782 0.9947296380996704 0.5558648109436035 
21 0.38345110416412354 0.6173202395439148 0.6406217813491821 0.7523900270462036 
21 0.501643180847168 0.49840831756591797 0.9457809925079346 0.9889987111091614 
21 0.5023205280303955 0.49819812178611755 0.9432435035705566 0.98994380235672 
21 0.5826638340950012 0.5252776741981506 0.43312323093414307 0.9394586682319641 
