47 0.5000051259994507 0.4991748631000519 0.9946060180664062 0.9983497262001038 
47 0.4991680085659027 0.49950891733169556 0.9967718124389648 0.9987626075744629 
47 0.4991013705730438 0.49953493475914 0.9976125955581665 0.998670220375061 
19 0.5021986961364746 0.49974846839904785 0.9956027269363403 0.9985345602035522 
7 0.5009326338768005 0.49972543120384216 0.99440598487854 0.9988508224487305 
19 0.5008670687675476 0.4998491406440735 0.9951319694519043 0.9987474679946899 
19 0.500828742980957 0.4993245005607605 0.995469331741333 0.998649001121521 
30 0.5003324747085571 0.4993740916252136 0.9929431676864624 0.9987481832504272 
30 0.5008221864700317 0.4996037185192108 0.9922612905502319 0.9988127946853638 
47 0.5023882389068604 0.4994821846485138 0.9884828329086304 0.9987779855728149 
