19 0.4874521493911743 0.4982401728630066 0.9662965536117554 0.9964803457260132 
19 0.3703669607639313 0.4996137320995331 0.5356920957565308 0.9939459562301636 
30 0.5534824132919312 0.4999246597290039 0.8930351734161377 0.9930176734924316 
19 0.37529441714286804 0.4985860288143158 0.5457510352134705 0.9952326416969299 
19 0.6481114625930786 0.5287796258926392 0.703777015209198 0.927321195602417 
19 0.5522018671035767 0.49992406368255615 0.8922236561775208 0.9939404726028442 
29 0.3676336705684662 0.4995019733905792 0.5273622870445251 0.9931483864784241 
29 0.3705308735370636 0.4992557764053345 0.5326266884803772 0.9934158325195312 
30 0.370421826839447 0.49997493624687195 0.5343292951583862 0.9944766163825989 
39 0.37123605608940125 0.4995748996734619 0.5376228094100952 0.9930764436721802 
