47 0.5318671464920044 0.4049161672592163 0.7929799556732178 0.5717452764511108 
19 0.708847165107727 0.41251951456069946 0.4504578709602356 0.5788049697875977 
19 0.7058195471763611 0.40726470947265625 0.4414869546890259 0.5740581750869751 
30 0.7061885595321655 0.40743938088417053 0.44332197308540344 0.5700913071632385 
30 0.709231436252594 0.4068809449672699 0.4364231824874878 0.5716185569763184 
19 0.7015239000320435 0.4069781005382538 0.45013558864593506 0.5733985304832458 
30 0.7109932899475098 0.40671661496162415 0.4328610897064209 0.5748420357704163 
29 0.705242395401001 0.40885213017463684 0.45041346549987793 0.5729442834854126 
29 0.7048786282539368 0.4069335460662842 0.4455009698867798 0.5737208127975464 
49 0.703069269657135 0.40687185525894165 0.45022082328796387 0.5721977353096008 
