47 0.578601598739624 0.6534664630889893 0.49597403407096863 0.6784711480140686 
20 0.5791499614715576 0.6518863439559937 0.4937458038330078 0.6844374537467957 
19 0.4888080954551697 0.6795679330825806 0.3112521171569824 0.6288772821426392 
49 0.5784494876861572 0.6517952084541321 0.49142587184906006 0.6798543930053711 
47 0.4873462915420532 0.6824206709861755 0.3075413703918457 0.6274251937866211 
47 0.4863327145576477 0.6813672780990601 0.3120490312576294 0.629328727722168 
47 0.4888094663619995 0.6793777942657471 0.31208351254463196 0.6298556327819824 
49 0.48930466175079346 0.6807146668434143 0.3134576082229614 0.6299653053283691 
19 0.48932379484176636 0.6808710098266602 0.31257951259613037 0.6308313608169556 
19 0.4867390990257263 0.6790561079978943 0.31063708662986755 0.6309604644775391 
