19 0.5302160382270813 0.5702870488166809 0.8020846843719482 0.8486838340759277 
19 0.532220721244812 0.5718989372253418 0.8017016649246216 0.8482530117034912 
47 0.5324214696884155 0.5669082403182983 0.8095513582229614 0.8500051498413086 
19 0.531141996383667 0.5728081464767456 0.8012411594390869 0.8473207950592041 
19 0.530665397644043 0.5727715492248535 0.7959321737289429 0.846522331237793 
29 0.5314997434616089 0.5728579759597778 0.7980791330337524 0.8455637693405151 
21 0.4953666925430298 0.5549620985984802 0.12557503581047058 0.12046119570732117 
47 0.5321416854858398 0.567310094833374 0.8026394844055176 0.8488830327987671 
47 0.5668730139732361 0.4345099627971649 0.30541691184043884 0.5653959512710571 
13 0.5313349962234497 0.5726377964019775 0.7999109029769897 0.8487136363983154 
