30 0.5008180141448975 0.4869513213634491 0.9983639121055603 0.958179771900177 
7 0.49993476271629333 0.48306804895401 0.9995577335357666 0.96613609790802 
29 0.5002142786979675 0.2840617895126343 0.9995112419128418 0.5681235790252686 
19 0.5017374753952026 0.4988485872745514 0.9460042715072632 0.937624990940094 
19 0.5007331371307373 0.5061779618263245 0.9455108642578125 0.9498401880264282 
19 0.5001764297485352 0.4989529252052307 0.9408584833145142 0.9386241436004639 
19 0.5000689029693604 0.5139964818954468 0.9976623058319092 0.9659167528152466 
30 0.4994768500328064 0.4988638460636139 0.9408873319625854 0.9423912167549133 
30 0.49967464804649353 0.49857819080352783 0.9393805265426636 0.9343875646591187 
30 0.5012850761413574 0.498317152261734 0.9418115615844727 0.9265720844268799 
