47 0.5004687309265137 0.543584942817688 0.9986863136291504 0.9010169506072998 
47 0.46133527159690857 0.5446770787239075 0.6313427686691284 0.9014949798583984 
47 0.4595414698123932 0.5442081093788147 0.6175069212913513 0.9023714065551758 
21 0.42834270000457764 0.535647988319397 0.36212390661239624 0.8969855308532715 
30 0.4645172357559204 0.544313907623291 0.6042366027832031 0.8996874094009399 
47 0.4310975670814514 0.5362687110900879 0.36679041385650635 0.9017301797866821 
19 0.5004279017448425 0.5441595315933228 0.998745322227478 0.8982250690460205 
30 0.42987629771232605 0.5369355082511902 0.3577025532722473 0.8956843614578247 
30 0.4293704628944397 0.5412830114364624 0.35389813780784607 0.8911350965499878 
29 0.4279133081436157 0.5400943756103516 0.3511977195739746 0.8907639980316162 
