19 0.5029315948486328 0.49511194229125977 0.9654703140258789 0.9902238845825195 
19 0.5045720934867859 0.511852502822876 0.28044381737709045 0.9692422151565552 
47 0.4941008687019348 0.13771601021289825 0.19159117341041565 0.22953423857688904 
30 0.5064764618873596 0.5120582580566406 0.2808877229690552 0.968991756439209 
19 0.5042998194694519 0.5112011432647705 0.2818716764450073 0.9704452753067017 
19 0.5055907368659973 0.5123533606529236 0.28584790229797363 0.9686743021011353 
19 0.5048622488975525 0.5125357508659363 0.28330957889556885 0.9667128324508667 
49 0.5050960779190063 0.5121192336082458 0.28089639544487 0.9684467315673828 
19 0.5047869086265564 0.5109444260597229 0.2883392572402954 0.9698807001113892 
7 0.5096318125724792 0.5055205821990967 0.27703380584716797 0.9717888832092285 
