30 0.5518896579742432 0.13001470267772675 0.13815996050834656 0.25769561529159546 
30 0.30910050868988037 0.5612499713897705 0.31415218114852905 0.7491254806518555 
47 0.3219902515411377 0.3784487843513489 0.19589072465896606 0.25185489654541016 
7 0.3066410422325134 0.5619555711746216 0.3137989640235901 0.7474426031112671 
47 0.3079770803451538 0.5615413188934326 0.31253987550735474 0.747433066368103 
30 0.2864348888397217 0.2454497516155243 0.0848197340965271 0.10240150988101959 
47 0.5005819797515869 0.15302307903766632 0.998836100101471 0.30138227343559265 
7 0.3064535856246948 0.5626180171966553 0.31325727701187134 0.7470468282699585 
47 0.6563364267349243 0.1375008076429367 0.11524724960327148 0.2748173773288727 
47 0.5006526112556458 0.14710360765457153 0.9986947774887085 0.29420721530914307 
