47 0.5603607296943665 0.4300089180469513 0.4327377378940582 0.2759363055229187 
47 0.5280027389526367 0.17878110706806183 0.9432326555252075 0.357103556394577 
30 0.5575803518295288 0.4389409124851227 0.4212791919708252 0.25941818952560425 
22 0.5557276606559753 0.43729186058044434 0.4206676483154297 0.2593819200992584 
37 0.8438927531242371 0.42344486713409424 0.31170380115509033 0.14058756828308105 
47 0.5002753138542175 0.5858111381530762 0.9952889680862427 0.4542827010154724 
30 0.5001593232154846 0.5640550851821899 0.9945451021194458 0.5139186382293701 
30 0.49835237860679626 0.41343048214912415 0.16950207948684692 0.2148166298866272 
30 0.500690758228302 0.4073396325111389 0.1770082712173462 0.22081252932548523 
30 0.5006901621818542 0.32748958468437195 0.07577645778656006 0.05567777156829834 
