47 0.5295268297195435 0.47998932003974915 0.3305699825286865 0.5703102350234985 
47 0.5298163294792175 0.48004281520843506 0.3334770202636719 0.5751409530639648 
19 0.5309695601463318 0.47905340790748596 0.3343825340270996 0.5746148824691772 
47 0.5306239724159241 0.4793091416358948 0.3286704123020172 0.5720782279968262 
19 0.5285059213638306 0.47746047377586365 0.3330785036087036 0.5691240429878235 
47 0.5053349733352661 0.4860219955444336 0.07583659887313843 0.26787176728248596 
19 0.5279025435447693 0.47729963064193726 0.3156585693359375 0.5617341995239258 
28 0.5302635431289673 0.4808761179447174 0.33360907435417175 0.5748099684715271 
29 0.5272416472434998 0.4793161153793335 0.3158233165740967 0.5695956945419312 
29 0.5286573767662048 0.4814847409725189 0.3329910337924957 0.5751553773880005 
