5 0.6282634139060974 0.4227779507637024 0.7296727895736694 0.6420062780380249 
5 0.6312089562416077 0.4161207973957062 0.7129268646240234 0.6318520307540894 
30 0.6231850981712341 0.6407712697982788 0.4569070339202881 0.641076922416687 
30 0.627468466758728 0.42425665259361267 0.7361428737640381 0.6342285871505737 
30 0.6271350979804993 0.5383850336074829 0.7296395301818848 0.8432386517524719 
30 0.6238925457000732 0.37171217799186707 0.7347730398178101 0.7434243559837341 
30 0.6252709627151489 0.4264177978038788 0.7409991025924683 0.636867880821228 
5 0.870185375213623 0.3386695981025696 0.2445654273033142 0.3890162706375122 
30 0.623474657535553 0.4250050485134125 0.7308993339538574 0.6303654909133911 
47 0.6219536066055298 0.42601290345191956 0.7285221815109253 0.6479982137680054 
