29 0.655754804611206 0.12202484905719757 0.0793379545211792 0.24404969811439514 
29 0.766501784324646 0.2535090446472168 0.44053375720977783 0.5070180892944336 
30 0.5000896453857422 0.49854791164398193 0.9998207092285156 0.9923700094223022 
47 0.6581018567085266 0.12342841923236847 0.0815047025680542 0.24685683846473694 
30 0.6200265288352966 0.12267524749040604 0.14619958400726318 0.24535049498081207 
47 0.09381994605064392 0.27660849690437317 0.18763989210128784 0.5515415072441101 
34 0.09705939888954163 0.2762589156627655 0.19229701161384583 0.5501822233200073 
29 0.41643303632736206 0.26320981979370117 0.5527439117431641 0.5264196395874023 
29 0.6584065556526184 0.12720072269439697 0.08039259910583496 0.25440144538879395 
30 0.4166177809238434 0.2641018033027649 0.5675546526908875 0.5269777774810791 
