30 0.5008330345153809 0.7874740362167358 0.9975795745849609 0.41974198818206787 
30 0.49998337030410767 0.6980955600738525 0.9995043277740479 0.5968570709228516 
47 0.500027596950531 0.7880479097366333 0.9996892213821411 0.4183734059333801 
30 0.5000410676002502 0.5371761322021484 0.9996888637542725 0.920038640499115 
19 0.4084950387477875 0.4393744170665741 0.5184624195098877 0.7199538946151733 
30 0.5000331401824951 0.7912640571594238 0.9997013807296753 0.4143577218055725 
30 0.40498313307762146 0.4382811486721039 0.5160045623779297 0.7193962335586548 
5 0.40760496258735657 0.43726447224617004 0.5245130062103271 0.7228657007217407 
30 0.5000649690628052 0.7083052396774292 0.999576210975647 0.5783798694610596 
47 0.5000275373458862 0.7950276136398315 0.9997128248214722 0.40679752826690674 
