47 0.5006155967712402 0.49971067905426025 0.998096227645874 0.9908546209335327 
30 0.6404017210006714 0.5173561573028564 0.606083869934082 0.8452324867248535 
47 0.6386866569519043 0.5181758403778076 0.6097153425216675 0.8447529673576355 
47 0.6045926213264465 0.5075607299804688 0.35177555680274963 0.8251320123672485 
47 0.6066870093345642 0.5063194036483765 0.36310771107673645 0.8448911905288696 
47 0.6035196781158447 0.507210910320282 0.358837366104126 0.846182107925415 
20 0.6027346849441528 0.5076912641525269 0.35348212718963623 0.8262639045715332 
30 0.5005916357040405 0.5008057355880737 0.9978766441345215 0.9867620468139648 
21 0.6029869914054871 0.5053510069847107 0.35408127307891846 0.8377355337142944 
30 0.603711724281311 0.5082525610923767 0.3488931655883789 0.8243459463119507 
