19 0.5417064428329468 0.5626816749572754 0.8589826822280884 0.771234393119812 
30 0.08252428472042084 0.41863206028938293 0.16504856944084167 0.6623667478561401 
30 0.5402024984359741 0.5609602928161621 0.8595691919326782 0.7699213027954102 
30 0.5439952611923218 0.5714194774627686 0.8522961139678955 0.7545546293258667 
19 0.5414000749588013 0.5601706504821777 0.8586273193359375 0.765560507774353 
7 0.5414186716079712 0.5616049766540527 0.8581444025039673 0.7640296220779419 
19 0.49985435605049133 0.5906554460525513 0.9981856942176819 0.8026394844055176 
30 0.5426348447799683 0.5709683895111084 0.852886438369751 0.7518121004104614 
30 0.5400974750518799 0.563292384147644 0.858155369758606 0.7731754779815674 
19 0.5408196449279785 0.5621094703674316 0.8585363626480103 0.7709352970123291 
