30 0.5357459783554077 0.11240126937627792 0.9269191026687622 0.22480253875255585 
30 0.5184123516082764 0.6859027147293091 0.6310113668441772 0.6184208393096924 
0 0.5342319011688232 0.11493480205535889 0.9315361976623535 0.22986960411071777 
30 0.5708795785903931 0.6887764930725098 0.5309474468231201 0.6102417707443237 
19 0.5718223452568054 0.6856971383094788 0.5360919237136841 0.6136345863342285 
19 0.5744199156761169 0.685968279838562 0.5379093885421753 0.6164391040802002 
30 0.5147109031677246 0.21625779569149017 0.9606270790100098 0.43144261837005615 
30 0.5653955936431885 0.6838511228561401 0.5199406147003174 0.6130757331848145 
30 0.5323820114135742 0.4962581396102905 0.9352360367774963 0.992516279220581 
30 0.5707200765609741 0.6866158246994019 0.527082085609436 0.618687629699707 
