30 0.49281546473503113 0.48212730884552 0.8237060904502869 0.7443059682846069 
30 0.49373728036880493 0.48006555438041687 0.8167895078659058 0.7491191029548645 
30 0.493601530790329 0.48168203234672546 0.8120805621147156 0.7359291315078735 
22 0.49811550974845886 0.4878750145435333 0.794511616230011 0.7208267450332642 
30 0.48359817266464233 0.7411460876464844 0.5450443625450134 0.2618842124938965 
22 0.4947737157344818 0.4763146638870239 0.8167285919189453 0.7520562410354614 
22 0.48700210452079773 0.7423217296600342 0.5513589382171631 0.2635495066642761 
30 0.7997246980667114 0.8932305574417114 0.39048004150390625 0.20254981517791748 
19 0.4653626084327698 0.8780859708786011 0.8835322856903076 0.2330278754234314 
30 0.4930337369441986 0.48095694184303284 0.8281252980232239 0.7445720434188843 
