47 0.6052861213684082 0.3936281204223633 0.4489452540874481 0.43257731199264526 
47 0.28601914644241333 0.5787098407745361 0.5720382928848267 0.8349759578704834 
30 0.5315665602684021 0.672617495059967 0.3703336715698242 0.18133938312530518 
19 0.28762301802635193 0.5786564350128174 0.5741274952888489 0.8337018489837646 
19 0.5781500339508057 0.7774800062179565 0.5803157091140747 0.4354701042175293 
47 0.2891015410423279 0.5810755491256714 0.5782030820846558 0.8360840678215027 
21 0.6027644872665405 0.39338892698287964 0.45471227169036865 0.4357250928878784 
30 0.28080374002456665 0.5786893367767334 0.5616074800491333 0.8393412828445435 
4 0.6046242713928223 0.39425233006477356 0.4570469558238983 0.4342309832572937 
19 0.28826233744621277 0.5799867510795593 0.576209545135498 0.8323776721954346 
