30 0.5005545616149902 0.49870190024375916 0.998471736907959 0.9974038004875183 
19 0.5004681348800659 0.49915361404418945 0.9984089136123657 0.9983072280883789 
21 0.5002879500389099 0.49885448813438416 0.9970546960830688 0.9977089762687683 
30 0.5002599954605103 0.49835771322250366 0.9977245330810547 0.9967154264450073 
30 0.5005991458892822 0.49863916635513306 0.9987865686416626 0.9972783327102661 
29 0.3717394471168518 0.5722962021827698 0.14313364028930664 0.31507301330566406 
19 0.3705962300300598 0.573119580745697 0.1458260416984558 0.3198472559452057 
30 0.36999061703681946 0.5834476351737976 0.1388358473777771 0.30254948139190674 
30 0.3709573447704315 0.5746389627456665 0.15162861347198486 0.32377731800079346 
30 0.5006546974182129 0.4984418749809265 0.9986905455589294 0.996883749961853 
