7 0.49628758430480957 0.44167041778564453 0.9813327789306641 0.8829296231269836 
30 0.49652668833732605 0.44107115268707275 0.9829533100128174 0.8821423053741455 
7 0.4967893362045288 0.48396286368370056 0.9834309816360474 0.783322811126709 
30 0.49676844477653503 0.48795363306999207 0.9848185777664185 0.7974218130111694 
30 0.49686843156814575 0.48890936374664307 0.9894708395004272 0.7950539588928223 
30 0.4950014054775238 0.4934197962284088 0.9896803498268127 0.819754958152771 
7 0.4962714910507202 0.48728981614112854 0.9845530986785889 0.7900727987289429 
30 0.49676546454429626 0.4877069294452667 0.9855704307556152 0.7932767271995544 
30 0.4963266849517822 0.49295398592948914 0.9860148429870605 0.811937689781189 
28 0.4961479604244232 0.48895061016082764 0.9841954708099365 0.8049687147140503 
