19 0.5130808353424072 0.42809969186782837 0.9601602554321289 0.3353103697299957 
19 0.5626821517944336 0.42461779713630676 0.8578189611434937 0.33472150564193726 
30 0.5622372627258301 0.42714768648147583 0.8561903238296509 0.33448776602745056 
42 0.5643996000289917 0.42902547121047974 0.859402060508728 0.33666205406188965 
29 0.5610312223434448 0.42988914251327515 0.861312747001648 0.33785852789878845 
30 0.5632050037384033 0.42798343300819397 0.861060380935669 0.33660513162612915 
19 0.5571204423904419 0.42419084906578064 0.8619247674942017 0.3416070342063904 
29 0.6455370783805847 0.5065625905990601 0.38510894775390625 0.1219976544380188 
29 0.5579102635383606 0.42251908779144287 0.8618353605270386 0.340162992477417 
30 0.5593528747558594 0.4279056787490845 0.8685201406478882 0.3394918441772461 
