30 0.5263986587524414 0.4522556960582733 0.8557037115097046 0.6343725323677063 
30 0.5192399024963379 0.4678221046924591 0.9013599157333374 0.5992110967636108 
30 0.5138468742370605 0.4625420868396759 0.9421749114990234 0.6163638234138489 
22 0.4651407301425934 0.4651425778865814 0.9248458743095398 0.574834406375885 
30 0.5441070795059204 0.4394564926624298 0.7487406730651855 0.5317363739013672 
19 0.5407550930976868 0.4626646935939789 0.810763955116272 0.5670872926712036 
30 0.534861147403717 0.47046831250190735 0.8525091409683228 0.5721442103385925 
30 0.5160773992538452 0.4501272141933441 0.920252799987793 0.6255121231079102 
30 0.525138258934021 0.4637930691242218 0.8666547536849976 0.5887870788574219 
30 0.2430630624294281 0.35514122247695923 0.09375625848770142 0.4313425123691559 
