30 0.8066731095314026 0.5378777384757996 0.07223165035247803 0.13106918334960938 
30 0.5003812909126282 0.4444671869277954 0.9992104768753052 0.8889343738555908 
22 0.5003795623779297 0.44612035155296326 0.9992409944534302 0.8912579417228699 
30 0.4998146593570709 0.7757314443588257 0.9927142858505249 0.44321155548095703 
30 0.5003719329833984 0.4402701258659363 0.9992561340332031 0.8805402517318726 
30 0.7334591746330261 0.5401612520217896 0.07847166061401367 0.13494253158569336 
30 0.7332581281661987 0.5390763878822327 0.07772350311279297 0.13587164878845215 
30 0.5254278779029846 0.6232396364212036 0.25453782081604004 0.6332188844680786 
30 0.5004048347473145 0.44001632928848267 0.9991453886032104 0.8800326585769653 
30 0.5092485547065735 0.45530638098716736 0.24650180339813232 0.8199827075004578 
