30 0.5029724836349487 0.5455965995788574 0.8771724700927734 0.765143632888794 
30 0.503393292427063 0.472594290971756 0.8924721479415894 0.64094078540802 
30 0.6128189563751221 0.6175562143325806 0.3115164041519165 0.6192286014556885 
29 0.5005272626876831 0.49889081716537476 0.9989237785339355 0.9977816343307495 
42 0.5036826133728027 0.46785178780555725 0.8906787633895874 0.6312581896781921 
30 0.5005538463592529 0.4990587830543518 0.9988923668861389 0.9981175661087036 
29 0.5021613836288452 0.5400519967079163 0.8931403160095215 0.7743247747421265 
29 0.618890106678009 0.61667799949646 0.325343519449234 0.6251785755157471 
49 0.5004936456680298 0.4991860091686249 0.99901282787323 0.9975851774215698 
30 0.5044310688972473 0.5389167070388794 0.888426661491394 0.7612317204475403 
