30 0.49824246764183044 0.7679725289344788 0.9964849352836609 0.45666980743408203 
30 0.7421415448188782 0.5376558303833008 0.515173077583313 0.6402840614318848 
30 0.2521398663520813 0.8402302265167236 0.447820782661438 0.31042665243148804 
30 0.4978563189506531 0.7660344243049622 0.9957126379013062 0.4585210084915161 
30 0.25332969427108765 0.8395513296127319 0.44742095470428467 0.31353795528411865 
30 0.24534831941127777 0.8394469022750854 0.4406796097755432 0.307211697101593 
30 0.7436217069625854 0.5357941389083862 0.5127565860748291 0.6394616365432739 
5 0.5 0.6112582683563232 1.0 0.772716760635376 
19 0.49681752920150757 0.7664305567741394 0.9936350584030151 0.4613654613494873 
30 0.7436271905899048 0.5382052659988403 0.5127456188201904 0.6299303770065308 
