47 0.510608434677124 0.5799944400787354 0.5686913728713989 0.8400112390518188 
19 0.5365719795227051 0.5732746124267578 0.639085054397583 0.8467609882354736 
21 0.8301345109939575 0.5746356248855591 0.3397309184074402 0.8440523147583008 
13 0.511425256729126 0.5776450634002686 0.5797399282455444 0.8446037769317627 
19 0.5393542051315308 0.5746541619300842 0.6286023855209351 0.8447713851928711 
19 0.5311839580535889 0.5755528807640076 0.6207380294799805 0.8447115421295166 
13 0.5053179860115051 0.5757070779800415 0.5596804618835449 0.8442685604095459 
19 0.5118406414985657 0.5749394297599792 0.5739097595214844 0.8427700996398926 
47 0.512022078037262 0.5778380632400513 0.5763527154922485 0.8421580791473389 
19 0.521986722946167 0.5771721601486206 0.6002124547958374 0.8419920206069946 
