47 0.2621467113494873 0.6831522583961487 0.2729278802871704 0.19344854354858398 
30 0.5000488758087158 0.7163317203521729 0.9978342056274414 0.5589334964752197 
47 0.5000919103622437 0.4990566074848175 0.9979265928268433 0.9956557750701904 
19 0.4584087133407593 0.2604021728038788 0.5449963808059692 0.5194385647773743 
30 0.2609438896179199 0.6838966608047485 0.2742460370063782 0.202034592628479 
5 0.45516088604927063 0.26245006918907166 0.5403897762298584 0.5067827105522156 
30 0.45913049578666687 0.2603957951068878 0.545990526676178 0.5205552577972412 
30 0.45404812693595886 0.26160091161727905 0.5367559790611267 0.5108934640884399 
19 0.4527682662010193 0.263719767332077 0.5342428684234619 0.5183218121528625 
29 0.45869651436805725 0.2610507309436798 0.5429355502128601 0.5202369689941406 
