30 0.7001569271087646 0.3228406608104706 0.35950469970703125 0.5704633593559265 
30 0.7039147615432739 0.3622882664203644 0.3575185537338257 0.6392573118209839 
30 0.5612500309944153 0.7382010221481323 0.5942345857620239 0.3589257001876831 
47 0.49988964200019836 0.8244497776031494 0.9991393089294434 0.34399330615997314 
47 0.449134886264801 0.497679203748703 0.6695021390914917 0.5882916450500488 
19 0.499906450510025 0.5978316068649292 0.9991574287414551 0.794714093208313 
47 0.45015984773635864 0.4590921700000763 0.6696279048919678 0.514066219329834 
30 0.49979493021965027 0.7476398348808289 0.9989590644836426 0.4962364435195923 
5 0.44976767897605896 0.46009257435798645 0.6693316698074341 0.5186271667480469 
19 0.49988946318626404 0.7778905630111694 0.9991656541824341 0.4367784261703491 
