47 0.761351466178894 0.5217764377593994 0.3395414352416992 0.5441868305206299 
47 0.4398469626903534 0.5486143827438354 0.3449011445045471 0.5888792276382446 
47 0.21268878877162933 0.5597602128982544 0.3076843023300171 0.5992342233657837 
47 0.22560986876487732 0.5588909387588501 0.33424443006515503 0.599463939666748 
20 0.46912840008735657 0.5438681840896606 0.28366798162460327 0.5782012939453125 
19 0.4711015820503235 0.5428053140640259 0.28847751021385193 0.5779436826705933 
47 0.7641061544418335 0.5237317085266113 0.3401728868484497 0.5416625738143921 
47 0.21501405537128448 0.5601992607116699 0.3075856864452362 0.6021384000778198 
47 0.4694356322288513 0.5448299646377563 0.2883552014827728 0.5816727876663208 
20 0.7644050121307373 0.5216226577758789 0.3395664691925049 0.5397735834121704 
