47 0.39903560280799866 0.2013193815946579 0.10450875759124756 0.3419361114501953 
47 0.6529174447059631 0.3076604902744293 0.49106964468955994 0.5136590003967285 
19 0.8700578808784485 0.1368866264820099 0.07509684562683105 0.22660425305366516 
30 0.542707622051239 0.3106171488761902 0.2797936201095581 0.49894753098487854 
30 0.5549501776695251 0.3109181225299835 0.3001600503921509 0.5009199976921082 
47 0.08486524224281311 0.14312726259231567 0.08909490704536438 0.2374003529548645 
21 0.5382639169692993 0.31074070930480957 0.28680020570755005 0.4990747272968292 
47 0.3913476765155792 0.5413508415222168 0.7742932438850403 0.8953418731689453 
47 0.2915947139263153 0.11131143569946289 0.0754387378692627 0.22262287139892578 
47 0.39287570118904114 0.5427435636520386 0.7774973511695862 0.8938180208206177 
