30 0.09438829869031906 0.6014132499694824 0.1854255646467209 0.3840971291065216 
30 0.14707735180854797 0.6530684232711792 0.1633744239807129 0.26518452167510986 
30 0.14970016479492188 0.6498278379440308 0.15940088033676147 0.28108543157577515 
30 0.1858455240726471 0.3422411382198334 0.17947764694690704 0.23209410905838013 
30 0.11876522749662399 0.6022102236747742 0.23111574351787567 0.3890901803970337 
30 0.18041720986366272 0.35338732600212097 0.16981720924377441 0.21059934794902802 
28 0.09376354515552521 0.6036679744720459 0.18435677886009216 0.39430496096611023 
29 0.13493551313877106 0.3528291583061218 0.2698710262775421 0.2187129259109497 
19 0.7510333061218262 0.35770750045776367 0.39332449436187744 0.3368835151195526 
30 0.14904165267944336 0.65181565284729 0.15714317560195923 0.2727136015892029 
