47 0.49443063139915466 0.6021864414215088 0.4362531304359436 0.601841151714325 
19 0.5529008507728577 0.7536333799362183 0.3120643198490143 0.2904776334762573 
47 0.4997921288013458 0.5389211773872375 0.9992468357086182 0.4773982763290405 
49 0.5519375205039978 0.7528969645500183 0.31194400787353516 0.28904950618743896 
19 0.4202290177345276 0.537814736366272 0.29578280448913574 0.47971534729003906 
30 0.42036837339401245 0.5369017720222473 0.2899571359157562 0.47675347328186035 
19 0.4170945882797241 0.5393198728561401 0.2795366942882538 0.4761018753051758 
7 0.41550949215888977 0.53947514295578 0.2780384421348572 0.4760763645172119 
19 0.41550618410110474 0.5387649536132812 0.27687740325927734 0.47409966588020325 
30 0.41696953773498535 0.5395515561103821 0.2794387638568878 0.4761795997619629 
