21 0.6283693909645081 0.45497065782546997 0.32330524921417236 0.6317065358161926 
30 0.6251875758171082 0.5192871689796448 0.3227454423904419 0.48607921600341797 
28 0.6266610026359558 0.5186511874198914 0.321633905172348 0.49028411507606506 
28 0.728636622428894 0.6533920764923096 0.5222391486167908 0.661357045173645 
28 0.556481122970581 0.2816513478755951 0.09185415506362915 0.28326696157455444 
30 0.6243841648101807 0.5230844020843506 0.3133258819580078 0.49184346199035645 
30 0.5599250793457031 0.2820360064506531 0.09167194366455078 0.29552161693573 
30 0.7259035706520081 0.6570967435836792 0.5168147087097168 0.6657710075378418 
49 0.7221336364746094 0.6492514610290527 0.5046347379684448 0.6640902757644653 
30 0.6277371048927307 0.5199053883552551 0.31533944606781006 0.4866117238998413 
