30 0.5004006624221802 0.4982374906539917 0.9991985559463501 0.9964749813079834 
39 0.4998442828655243 0.6239151358604431 0.9987777471542358 0.7456082105636597 
42 0.49938851594924927 0.6197099685668945 0.9987770318984985 0.7540715932846069 
19 0.4991702437400818 0.6194283962249756 0.9983404874801636 0.7539055347442627 
29 0.3952317237854004 0.6181060671806335 0.37575024366378784 0.7530826330184937 
49 0.3770430088043213 0.621113657951355 0.36592763662338257 0.75777268409729 
29 0.3930065631866455 0.6170057058334351 0.373656302690506 0.7508176565170288 
30 0.3926234841346741 0.6192659139633179 0.3810793161392212 0.752942681312561 
30 0.3934841752052307 0.6201337575912476 0.37897905707359314 0.7497154474258423 
28 0.377164363861084 0.6209871768951416 0.3589540123939514 0.7555451393127441 
