29 0.5184600949287415 0.5796512365341187 0.286785364151001 0.25104066729545593 
19 0.5183378458023071 0.5808622241020203 0.2924555540084839 0.2552589178085327 
28 0.7791527509689331 0.4532575011253357 0.44169455766677856 0.6841473579406738 
29 0.5193458795547485 0.5805838704109192 0.29069995880126953 0.257438063621521 
29 0.5200554728507996 0.5795494318008423 0.28840041160583496 0.25771868228912354 
19 0.5158440470695496 0.5729385018348694 0.2794162333011627 0.2507862150669098 
29 0.513447642326355 0.5770620703697205 0.27521321177482605 0.24896085262298584 
29 0.5190674662590027 0.5799263715744019 0.28685319423675537 0.25143933296203613 
19 0.5355244278907776 0.3304259181022644 0.9195035696029663 0.6608518362045288 
30 0.5187401175498962 0.5741934776306152 0.28608450293540955 0.24551180005073547 
