30 0.5006188750267029 0.4992554485797882 0.9987537860870361 0.9965015649795532 
19 0.38009965419769287 0.5264216661453247 0.22841769456863403 0.3235589265823364 
21 0.4355030953884125 0.5598002672195435 0.3363650441169739 0.38815897703170776 
30 0.5005696415901184 0.4988901615142822 0.9988607168197632 0.9977803230285645 
47 0.4357106685638428 0.5604702830314636 0.3421230614185333 0.39356911182403564 
19 0.500537633895874 0.49880069494247437 0.9989247918128967 0.9976013898849487 
19 0.37973907589912415 0.5251726508140564 0.2232019305229187 0.31945013999938965 
19 0.3849041163921356 0.41822710633277893 0.050087571144104004 0.08968240022659302 
19 0.3801930248737335 0.5253087282180786 0.22922182083129883 0.3260153532028198 
19 0.3805478513240814 0.5270882248878479 0.22500884532928467 0.3210771083831787 
