19 0.4463338851928711 0.22002941370010376 0.8926677703857422 0.4391895532608032 
19 0.44639840722084045 0.21757610142230988 0.8900461196899414 0.4311469793319702 
23 0.5004830360412598 0.572401225566864 0.9990339279174805 0.851123571395874 
29 0.5003912448883057 0.6820461750030518 0.9992175698280334 0.6289387941360474 
23 0.32291048765182495 0.2968904376029968 0.43114352226257324 0.3002164363861084 
23 0.5005290508270264 0.5742294192314148 0.998941957950592 0.8486334085464478 
30 0.32565826177597046 0.30057311058044434 0.4167383313179016 0.29959797859191895 
29 0.4498872756958008 0.21632643043994904 0.8997745513916016 0.43265286087989807 
21 0.44539228081703186 0.2237071543931961 0.8907845616340637 0.44613802433013916 
23 0.3210829496383667 0.30129921436309814 0.43153145909309387 0.3022336959838867 
