30 0.6415994763374329 0.20729249715805054 0.7168010473251343 0.4145849943161011 
30 0.6393847465515137 0.2098665088415146 0.7185419797897339 0.4185402989387512 
30 0.6428335905075073 0.20992544293403625 0.7143328189849854 0.4198508858680725 
22 0.6425060033798218 0.20792552828788757 0.7149879932403564 0.41585105657577515 
22 0.6428228616714478 0.20904403924942017 0.7143542766571045 0.41808807849884033 
30 0.6414682865142822 0.20794998109340668 0.717063307762146 0.41589996218681335 
22 0.3952678442001343 0.27485063672065735 0.20559251308441162 0.23200468719005585 
22 0.054705772548913956 0.23150734603405 0.07279544323682785 0.4630146920681 
19 0.05028567090630531 0.22101016342639923 0.09674468636512756 0.43985649943351746 
30 0.6343120336532593 0.21057628095149994 0.7217015027999878 0.4211525619029999 
