30 0.39244189858436584 0.40318453311920166 0.7841341495513916 0.8063690662384033 
30 0.8658174276351929 0.41374310851097107 0.26738619804382324 0.5059158802032471 
30 0.5002428293228149 0.49669039249420166 0.993013858795166 0.9933807849884033 
28 0.02624383009970188 0.5119291543960571 0.051870234310626984 0.24392381310462952 
30 0.86655592918396 0.41001641750335693 0.2668880820274353 0.49355804920196533 
19 0.8670119047164917 0.41081342101097107 0.2659762501716614 0.5016705989837646 
28 0.4220745265483856 0.40497487783432007 0.7217905521392822 0.8099497556686401 
7 0.3902853727340698 0.40057045221328735 0.7793794274330139 0.8011409044265747 
30 0.42370086908340454 0.40320923924446106 0.7224525213241577 0.8064184784889221 
30 0.026605211198329926 0.5147794485092163 0.05259278416633606 0.2422797679901123 
