39 0.19774548709392548 0.8775893449783325 0.3672388792037964 0.23394984006881714 
39 0.19652406871318817 0.8775378465652466 0.3645513951778412 0.23296529054641724 
47 0.6769192814826965 0.3961491882801056 0.27144789695739746 0.7918692231178284 
39 0.2897363603115082 0.8712853193283081 0.15762822329998016 0.22073137760162354 
47 0.2904512286186218 0.8692857027053833 0.15860283374786377 0.2207491397857666 
30 0.6757659316062927 0.3652700185775757 0.2598060369491577 0.7305400371551514 
19 0.2002914398908615 0.8745551109313965 0.36718809604644775 0.24062830209732056 
19 0.6751293540000916 0.3913108706474304 0.27247655391693115 0.7785685062408447 
30 0.6782621741294861 0.3748515844345093 0.2630053758621216 0.7497031688690186 
30 0.6833064556121826 0.5751036405563354 0.6175216436386108 0.5563089847564697 
