30 0.49561718106269836 0.386126846075058 0.1447344422340393 0.2944757342338562 
30 0.837363600730896 0.4819200038909912 0.22555506229400635 0.4153592586517334 
47 0.2671888470649719 0.44028013944625854 0.1488233208656311 0.30544352531433105 
47 0.8368209600448608 0.4830806255340576 0.22716963291168213 0.41306090354919434 
5 0.6194401383399963 0.7537679672241211 0.7576309442520142 0.4864147901535034 
19 0.6193063259124756 0.7497521638870239 0.7512755393981934 0.48937487602233887 
5 0.6209568381309509 0.6359103918075562 0.7453098297119141 0.7185772061347961 
47 0.725344717502594 0.7403496503829956 0.35945379734039307 0.5124596357345581 
21 0.6184576749801636 0.6191849708557129 0.7579641342163086 0.7557107210159302 
5 0.8351613879203796 0.48282158374786377 0.22722649574279785 0.41537630558013916 
