30 0.500404953956604 0.532650351524353 0.9991901516914368 0.933121383190155 
30 0.5003674030303955 0.6250745058059692 0.999265193939209 0.7487350702285767 
30 0.7184428572654724 0.15762865543365479 0.18257629871368408 0.174809992313385 
30 0.5003663301467896 0.6220767498016357 0.9992673397064209 0.7558465003967285 
30 0.5003832578659058 0.6263957619667053 0.9992334246635437 0.7442432641983032 
30 0.3520411252975464 0.7220224142074585 0.6158370971679688 0.3340974450111389 
30 0.5004028081893921 0.6212440729141235 0.9991943836212158 0.756157636642456 
30 0.5003811120986938 0.554887592792511 0.9992378950119019 0.890224814414978 
5 0.28168970346450806 0.2585633397102356 0.26280397176742554 0.2983853220939636 
30 0.5003871917724609 0.6269737482070923 0.9992255568504333 0.7448290586471558 
