30 0.5004881024360657 0.5718674659729004 0.9937572479248047 0.6635907888412476 
37 0.39856696128845215 0.3060973286628723 0.28667810559272766 0.3483990430831909 
30 0.4003339409828186 0.30626481771469116 0.29404911398887634 0.3517262935638428 
19 0.4999655485153198 0.5931044220924377 0.9976121187210083 0.6997314691543579 
47 0.3688858151435852 0.36122629046440125 0.22394955158233643 0.23888838291168213 
30 0.3682301640510559 0.3625050187110901 0.22803962230682373 0.2430424690246582 
30 0.3701591491699219 0.36361756920814514 0.23736929893493652 0.24717473983764648 
30 0.39885398745536804 0.3038717210292816 0.290874183177948 0.3543506860733032 
19 0.36985522508621216 0.361767441034317 0.23125159740447998 0.24382483959197998 
29 0.36849290132522583 0.36164557933807373 0.2265167236328125 0.24045836925506592 
