30 0.5000594854354858 0.6251864433288574 0.9989399909973145 0.7432844638824463 
30 0.8019744157791138 0.3924013376235962 0.383404016494751 0.27919670939445496 
47 0.17342700064182281 0.3754975497722626 0.27553075551986694 0.3130093216896057 
30 0.4415566325187683 0.4841762185096741 0.3362424373626709 0.17776444554328918 
47 0.9606446027755737 0.36207401752471924 0.07871085405349731 0.14862197637557983 
30 0.5000790357589722 0.7148841619491577 0.9993399381637573 0.5604579448699951 
30 0.5000851154327393 0.7572331428527832 0.9991978406906128 0.48053455352783203 
30 0.47017577290534973 0.7846723794937134 0.9387240409851074 0.36046338081359863 
30 0.5000193119049072 0.7607577443122864 0.9991250038146973 0.472934365272522 
5 0.5000240802764893 0.7585762739181519 0.9990824460983276 0.47734737396240234 
