21 0.2857528030872345 0.48314279317855835 0.061697304248809814 0.17955884337425232 
19 0.5000343322753906 0.6935980916023254 0.9995781183242798 0.6075114011764526 
21 0.2844263017177582 0.4825841188430786 0.062302589416503906 0.1816418468952179 
47 0.2842381000518799 0.4830428957939148 0.062062084674835205 0.18138542771339417 
20 0.500030517578125 0.7670087218284607 0.9995712041854858 0.459814190864563 
47 0.5001325011253357 0.7623805999755859 0.9997349977493286 0.46454352140426636 
21 0.5003534555435181 0.7655028700828552 0.9992930889129639 0.45496487617492676 
19 0.5000907182693481 0.7640604972839355 0.9996025562286377 0.46592074632644653 
21 0.5000742077827454 0.7656481862068176 0.999516487121582 0.46181023120880127 
40 0.5002672672271729 0.7652111649513245 0.9994654655456543 0.45811760425567627 
