0 0.5006674528121948 0.49798446893692017 0.9986650943756104 0.9959689378738403 
19 0.5033339858055115 0.45581406354904175 0.9516234397888184 0.9116281270980835 
0 0.5046844482421875 0.4564502537250519 0.948677122592926 0.9129005074501038 
0 0.4919068515300751 0.45631566643714905 0.968071460723877 0.9126313328742981 
21 0.4501595199108124 0.043790873140096664 0.8459256291389465 0.08758174628019333 
21 0.6907618045806885 0.6353785991668701 0.5625960826873779 0.5620152950286865 
28 0.5072343945503235 0.4590470790863037 0.9416824579238892 0.9180941581726074 
0 0.4534493684768677 0.04332651570439339 0.8755183219909668 0.08665303140878677 
21 0.4918811023235321 0.4560728669166565 0.9660756587982178 0.912145733833313 
28 0.5005702972412109 0.45444008708000183 0.9460915327072144 0.9088801741600037 
