19 0.7521457076072693 0.6373217105865479 0.4957085847854614 0.3228851556777954 
19 0.7379590272903442 0.638008177280426 0.5240819454193115 0.3274298906326294 
29 0.7497202157974243 0.6383344531059265 0.5005594491958618 0.3250758647918701 
29 0.7415604591369629 0.6361994743347168 0.5168790817260742 0.3299834728240967 
19 0.5004534721374512 0.6253186464309692 0.9990930557250977 0.734026312828064 
19 0.745641827583313 0.6305390000343323 0.5087162852287292 0.31853950023651123 
29 0.7461364269256592 0.628802478313446 0.5077272057533264 0.31628522276878357 
28 0.2725556194782257 0.6669778227806091 0.5316705703735352 0.3870375156402588 
30 0.7468284368515015 0.6382418274879456 0.5063431262969971 0.3272508382797241 
19 0.7457907199859619 0.6283364295959473 0.5084184408187866 0.3164435625076294 
