47 0.7244616746902466 0.5010839104652405 0.4846445322036743 0.9886106252670288 
20 0.5149291753768921 0.3862605690956116 0.11522334814071655 0.34416764974594116 
47 0.7121205925941467 0.5899109244346619 0.22717416286468506 0.8113048076629639 
47 0.888202965259552 0.4251234829425812 0.07609045505523682 0.25234490633010864 
47 0.4073617458343506 0.6925111413002014 0.28867411613464355 0.4761563539505005 
47 0.4338163733482361 0.37054306268692017 0.102163165807724 0.3020131587982178 
29 0.713433563709259 0.5895252823829651 0.22539877891540527 0.8112303018569946 
19 0.7116602063179016 0.5892670750617981 0.22541570663452148 0.814124584197998 
10 0.7116153836250305 0.5894293785095215 0.2253096103668213 0.811395525932312 
47 0.7148950099945068 0.5890858173370361 0.22539937496185303 0.8143959045410156 
