47 0.6462118625640869 0.6862691640853882 0.6989878416061401 0.616740345954895 
47 0.8109985589981079 0.6538705825805664 0.15716779232025146 0.5479922294616699 
30 0.5160815119743347 0.518450140953064 0.7470346689224243 0.81979900598526 
30 0.5105278491973877 0.49361786246299744 0.7399152517318726 0.7670400738716125 
47 0.647089958190918 0.6865658760070801 0.6948872804641724 0.6153204441070557 
20 0.5137443542480469 0.4918588697910309 0.7433673143386841 0.7660765647888184 
19 0.810623824596405 0.6537700891494751 0.14877283573150635 0.549256443977356 
28 0.5193360447883606 0.4930555820465088 0.7548770904541016 0.7686511278152466 
20 0.8114398717880249 0.6532871723175049 0.15392768383026123 0.5479604005813599 
30 0.811501145362854 0.6536972522735596 0.15613019466400146 0.5473037958145142 
