30 0.5001624822616577 0.7840142250061035 0.9991567134857178 0.418471097946167 
30 0.19308635592460632 0.466740220785141 0.38617271184921265 0.9330590963363647 
30 0.7174668312072754 0.3300195336341858 0.5584532022476196 0.6600390672683716 
30 0.5001050233840942 0.7147049307823181 0.9984956979751587 0.5552728176116943 
30 0.15521922707557678 0.7380824685096741 0.31043845415115356 0.3960573673248291 
30 0.500340461730957 0.7790200710296631 0.9991089105606079 0.4295412302017212 
30 0.15358899533748627 0.7355496883392334 0.30717799067497253 0.3976653218269348 
30 0.1530311405658722 0.7377740144729614 0.3060622811317444 0.3896057605743408 
30 0.7176539897918701 0.32955172657966614 0.5597074031829834 0.6591034531593323 
22 0.21520322561264038 0.45424845814704895 0.11972583830356598 0.6069476008415222 
