47 0.3339513838291168 0.40902894735336304 0.6644285917282104 0.45419156551361084 
20 0.9046599864959717 0.5362204313278198 0.15154170989990234 0.4192216992378235 
49 0.9022253751754761 0.5362552404403687 0.15390348434448242 0.4201166033744812 
30 0.9032432436943054 0.5684884190559387 0.0944293737411499 0.35984480381011963 
47 0.9008768200874329 0.5699135065078735 0.0945427417755127 0.3509312868118286 
30 0.9016088247299194 0.5705024003982544 0.09534049034118652 0.3524506390094757 
49 0.9021291136741638 0.5696401000022888 0.09549462795257568 0.3579981327056885 
47 0.9026834964752197 0.5748608708381653 0.09495127201080322 0.35980138182640076 
30 0.9030909538269043 0.5356664657592773 0.1564643383026123 0.42275381088256836 
29 0.5309323668479919 0.4077022671699524 0.19867956638336182 0.19719871878623962 
