47 0.4874168634414673 0.6385924816131592 0.362170934677124 0.44194555282592773 
47 0.7607239484786987 0.5814389586448669 0.4747784733772278 0.830051064491272 
30 0.7437527775764465 0.5140914916992188 0.44229161739349365 0.7012205123901367 
47 0.557270348072052 0.5439260005950928 0.13975372910499573 0.07173681259155273 
47 0.4885602593421936 0.6408178210258484 0.3691987991333008 0.4463137090206146 
19 0.5548647046089172 0.543401837348938 0.141623854637146 0.0777783989906311 
5 0.48756271600723267 0.6524219512939453 0.36874914169311523 0.41349267959594727 
39 0.4164479672908783 0.4903581142425537 0.15936261415481567 0.11064419150352478 
30 0.363659143447876 0.615471363067627 0.6105570197105408 0.7672152519226074 
30 0.27315449714660645 0.61430424451828 0.5247966051101685 0.767525315284729 
