19 0.5240732431411743 0.5002107620239258 0.9439581036567688 0.997248649597168 
43 0.522351861000061 0.500533938407898 0.9431286454200745 0.9978291988372803 
43 0.6939713954925537 0.4999054968357086 0.6015980243682861 0.9948246479034424 
47 0.6960914134979248 0.5004971027374268 0.601819634437561 0.9970628023147583 
19 0.6947421431541443 0.5005253553390503 0.6078990697860718 0.9954899549484253 
19 0.6941530704498291 0.5003373026847839 0.6023353338241577 0.9960416555404663 
19 0.27908384799957275 0.6524502635002136 0.44249600172042847 0.5333030223846436 
29 0.6942299604415894 0.5006346106529236 0.6022034883499146 0.9974448680877686 
47 0.6939162611961365 0.5007129907608032 0.6050596237182617 0.9974031448364258 
30 0.6918858289718628 0.5004189610481262 0.6034269332885742 0.9975341558456421 
