47 0.46977531909942627 0.6415126323699951 0.9395506381988525 0.7127046585083008 
19 0.6981523633003235 0.8323602676391602 0.6025431156158447 0.32902032136917114 
21 0.46584030985832214 0.6460041999816895 0.9316806197166443 0.703291654586792 
24 0.4682689905166626 0.6424914598464966 0.9365379810333252 0.7134095430374146 
47 0.7715500593185425 0.67386794090271 0.16439950466156006 0.09777635335922241 
21 0.46935397386550903 0.6414535045623779 0.9387079477310181 0.712908148765564 
47 0.48494553565979004 0.641054630279541 0.9698910713195801 0.7142349481582642 
19 0.46985432505607605 0.6423786878585815 0.9382975101470947 0.7124639749526978 
20 0.46739107370376587 0.6427935361862183 0.9347821474075317 0.7117705345153809 
30 0.46822625398635864 0.6426471471786499 0.9364525079727173 0.7129520177841187 
