19 0.2544580101966858 0.693476676940918 0.5089160203933716 0.602649450302124 
29 0.44532641768455505 0.5032271146774292 0.8878177404403687 0.9756724834442139 
49 0.4297775328159332 0.5049446821212769 0.8595417141914368 0.9741774797439575 
47 0.25910961627960205 0.6907647848129272 0.5182192325592041 0.6115369200706482 
19 0.25808319449424744 0.7044297456741333 0.5151023268699646 0.5862747430801392 
19 0.6360665559768677 0.47308477759361267 0.48057401180267334 0.9095648527145386 
29 0.25382959842681885 0.698094367980957 0.5076591968536377 0.5968024730682373 
19 0.25875845551490784 0.6989662051200867 0.5167235732078552 0.585547924041748 
47 0.2572938799858093 0.7012482285499573 0.5145877599716187 0.5825293064117432 
29 0.6380041241645813 0.4719831347465515 0.48407089710235596 0.90873122215271 
