19 0.41730040311813354 0.48910993337631226 0.7179952263832092 0.6719116568565369 
30 0.41727393865585327 0.4871065020561218 0.7144947052001953 0.6701685786247253 
20 0.21437089145183563 0.28521496057510376 0.31759363412857056 0.2733725905418396 
47 0.49986857175827026 0.7960687875747681 0.9997371435165405 0.40083110332489014 
47 0.7296437621116638 0.7110786437988281 0.08945119380950928 0.2269841432571411 
19 0.7291032671928406 0.7094472646713257 0.09076476097106934 0.2301468849182129 
29 0.7296291589736938 0.7083855867385864 0.09334313869476318 0.22831356525421143 
19 0.7289125323295593 0.7099710702896118 0.09083163738250732 0.22391283512115479 
29 0.7269973754882812 0.7089974880218506 0.09299790859222412 0.226798415184021 
20 0.21031908690929413 0.28533053398132324 0.3185529112815857 0.2726327180862427 
