30 0.688392162322998 0.5068067312240601 0.05455207824707031 0.2477811872959137 
30 0.7414804100990295 0.499887615442276 0.05468189716339111 0.24051398038864136 
30 0.524635910987854 0.5752689838409424 0.12921282649040222 0.31851693987846375 
30 0.956336498260498 0.4537425935268402 0.05893552303314209 0.25313740968704224 
30 0.11218159645795822 0.6359044313430786 0.21783065795898438 0.30668771266937256 
47 0.10485798120498657 0.5857112407684326 0.20291629433631897 0.4122677445411682 
47 0.5309543609619141 0.562103807926178 0.08173182606697083 0.2952756881713867 
47 0.7068873643875122 0.5122092366218567 0.06077849864959717 0.26068517565727234 
37 0.1360945850610733 0.5729402899742126 0.0874224305152893 0.3897261619567871 
47 0.4998873174190521 0.7513000965118408 0.9988293051719666 0.47862333059310913 
