30 0.7056521773338318 0.5485295653343201 0.30836284160614014 0.8073300123214722 
47 0.15136753022670746 0.45601898431777954 0.1353664994239807 0.26469409465789795 
47 0.32976800203323364 0.7384941577911377 0.1450209617614746 0.07799661159515381 
30 0.49773040413856506 0.7812946438789368 0.987519383430481 0.4266883134841919 
5 0.49535855650901794 0.6457477807998657 0.9826949238777161 0.694674015045166 
19 0.4666255712509155 0.570982038974762 0.23413917422294617 0.443884938955307 
47 0.46833083033561707 0.5718539357185364 0.23814302682876587 0.44568729400634766 
30 0.7053711414337158 0.5454409122467041 0.3116116523742676 0.8117347955703735 
47 0.2552136480808258 0.48372969031333923 0.16986267268657684 0.36476415395736694 
19 0.49748823046684265 0.7835783362388611 0.9875547885894775 0.4213322401046753 
