20 0.4976581037044525 0.5039578676223755 0.6755739450454712 0.9833301305770874 
47 0.5000978708267212 0.5046868920326233 0.6747231483459473 0.9815512895584106 
21 0.5195931792259216 0.5046372413635254 0.6363123655319214 0.983245849609375 
47 0.5213799476623535 0.503562331199646 0.6406883001327515 0.9845545291900635 
19 0.519821047782898 0.5035349726676941 0.6384782791137695 0.983946681022644 
20 0.520567774772644 0.5046759843826294 0.6407365798950195 0.9824806451797485 
19 0.5186460018157959 0.5056129693984985 0.6387691497802734 0.981407642364502 
19 0.5190396308898926 0.5048844814300537 0.6419143676757812 0.9821978807449341 
19 0.5193635821342468 0.5039538145065308 0.633854866027832 0.983393669128418 
19 0.2655356824398041 0.3002779483795166 0.20185434818267822 0.3579402565956116 
