47 0.8869791626930237 0.6460479497909546 0.21463513374328613 0.5282609462738037 
47 0.10680116713047028 0.6559228897094727 0.2063876986503601 0.55103600025177 
47 0.5572368502616882 0.6317392587661743 0.13018250465393066 0.4883357286453247 
47 0.49970048666000366 0.6848260164260864 0.9994009733200073 0.6079728603363037 
47 0.4997754693031311 0.6863048076629639 0.9995509386062622 0.608458399772644 
19 0.18967175483703613 0.5924624800682068 0.3705083727836609 0.674655556678772 
47 0.5624310970306396 0.6343008875846863 0.11830055713653564 0.4750951826572418 
45 0.5636533498764038 0.635167121887207 0.11763012409210205 0.4752688705921173 
30 0.8854942917823792 0.6454153060913086 0.2143791913986206 0.5281132459640503 
30 0.10662559419870377 0.655440092086792 0.20564445853233337 0.5487478971481323 
