47 0.5002520084381104 0.4290691018104553 0.9994959235191345 0.8581382036209106 
20 0.3316747546195984 0.4421170949935913 0.3447606563568115 0.8349472284317017 
47 0.45065706968307495 0.6412662267684937 0.5747692584991455 0.478031724691391 
47 0.4472850561141968 0.6406809091567993 0.572374165058136 0.47907060384750366 
30 0.3318178057670593 0.6319956183433533 0.3429955840110779 0.46029043197631836 
20 0.2615220546722412 0.6291196942329407 0.495527982711792 0.4570871591567993 
30 0.5002915859222412 0.7003231048583984 0.9994168281555176 0.5966829657554626 
7 0.3328535556793213 0.6311979293823242 0.34545210003852844 0.4595428705215454 
21 0.33507227897644043 0.6279053092002869 0.3463406264781952 0.4551752805709839 
30 0.46374309062957764 0.6935961842536926 0.0658281147480011 0.18357861042022705 
