47 0.3292180299758911 0.8286018371582031 0.6584360599517822 0.33629417419433594 
30 0.7081419229507446 0.553740382194519 0.5837162137031555 0.885861873626709 
30 0.347042977809906 0.47607648372650146 0.581531822681427 0.9205366373062134 
30 0.19321684539318085 0.8349499702453613 0.300662636756897 0.20792627334594727 
30 0.44658562541007996 0.9083364605903625 0.3343142867088318 0.1770174503326416 
30 0.3294392228126526 0.8644552230834961 0.6588784456253052 0.26401734352111816 
30 0.3287801444530487 0.8630225658416748 0.6549997329711914 0.2681165933609009 
30 0.35143521428108215 0.4015524685382843 0.5603908896446228 0.7701823115348816 
19 0.3264349400997162 0.8628879189491272 0.6523734331130981 0.26685380935668945 
13 0.7078436613082886 0.5525780916213989 0.5843126177787781 0.8898521661758423 
