47 0.4521484076976776 0.22689782083034515 0.8842648863792419 0.42473524808883667 
47 0.44371387362480164 0.25641316175460815 0.8791327476501465 0.37389296293258667 
30 0.4494054615497589 0.2564586400985718 0.8848466277122498 0.3730684518814087 
47 0.44272181391716003 0.22572548687458038 0.8629470467567444 0.42141193151474 
30 0.4476875364780426 0.23580867052078247 0.8734185695648193 0.4242202043533325 
30 0.44683805108070374 0.2352612167596817 0.887427568435669 0.4141109585762024 
29 0.4999539852142334 0.8174527287483215 0.999484658241272 0.35936200618743896 
30 0.33708319067955017 0.5358476638793945 0.5163542628288269 0.6696665287017822 
5 0.5000309348106384 0.5994385480880737 0.9995365142822266 0.795013427734375 
19 0.5000309944152832 0.8395390510559082 0.9995590448379517 0.3157994747161865 
