30 0.42224571108818054 0.6046271324157715 0.5880857706069946 0.7501832246780396 
49 0.5004929304122925 0.49859219789505005 0.999014139175415 0.9971843957901001 
49 0.6367480754852295 0.5404256582260132 0.1650155782699585 0.6182481050491333 
28 0.421021044254303 0.6070760488510132 0.5969668626785278 0.7490521669387817 
5 0.40153583884239197 0.7520251274108887 0.555866003036499 0.4584529399871826 
5 0.5004593133926392 0.49870145320892334 0.9990813136100769 0.9974029064178467 
30 0.4001610577106476 0.7547567486763 0.5966290235519409 0.4589430093765259 
30 0.5004472732543945 0.49866706132888794 0.9991054534912109 0.9973341226577759 
19 0.5004787445068359 0.49896368384361267 0.9990425109863281 0.9979273676872253 
21 0.3988781273365021 0.7541877031326294 0.6014286279678345 0.44937920570373535 
