19 0.5362629890441895 0.4995124340057373 0.9260669946670532 0.9990248680114746 
22 0.6102355718612671 0.6232762336730957 0.7486827373504639 0.7480634450912476 
19 0.4929691255092621 0.6901572942733765 0.9859382510185242 0.6139416694641113 
19 0.5484777092933655 0.6250486373901367 0.6268184185028076 0.7438414692878723 
30 0.6111346483230591 0.6247762441635132 0.7439550161361694 0.7451004385948181 
19 0.552120566368103 0.622346818447113 0.618651270866394 0.7523878812789917 
22 0.5514681935310364 0.49991941452026367 0.896842360496521 0.9998388290405273 
30 0.5498751401901245 0.6242693662643433 0.6165682077407837 0.747215747833252 
30 0.14721792936325073 0.6882920861244202 0.29443585872650146 0.6173396110534668 
28 0.5541651248931885 0.6250635385513306 0.6180180311203003 0.7483487129211426 
