19 0.5334340333938599 0.48758605122566223 0.5621944665908813 0.4275825619697571 
19 0.5393389463424683 0.4908384680747986 0.5519148111343384 0.42528000473976135 
19 0.5335297584533691 0.4870600402355194 0.5654579401016235 0.426352322101593 
30 0.5323781967163086 0.4844258725643158 0.5702548027038574 0.43564051389694214 
19 0.5333220958709717 0.4890739321708679 0.5698871612548828 0.43246710300445557 
30 0.534651517868042 0.4843769073486328 0.5501717329025269 0.4297766387462616 
29 0.534069299697876 0.48946499824523926 0.5646322965621948 0.4304969310760498 
29 0.5338248014450073 0.4886806607246399 0.5683009624481201 0.43229660391807556 
19 0.535711944103241 0.4882202446460724 0.5480407476425171 0.42395681142807007 
29 0.5362076759338379 0.4880308508872986 0.5491857528686523 0.4230203628540039 
