32 0.4268796145915985 0.35121023654937744 0.3481908440589905 0.5785901546478271 
30 0.42519861459732056 0.3476201593875885 0.3551664352416992 0.5800698399543762 
30 0.5133398175239563 0.7293707132339478 0.9066416025161743 0.5185912847518921 
32 0.3600538372993469 0.4616951048374176 0.48376360535621643 0.7961586117744446 
5 0.288006067276001 0.5404183268547058 0.18988579511642456 0.3088105618953705 
30 0.7258930206298828 0.650821328163147 0.15710806846618652 0.34977102279663086 
30 0.3465766906738281 0.46478766202926636 0.5078320503234863 0.8050124645233154 
30 0.5096733570098877 0.5341660380363464 0.9135041236877441 0.9112536311149597 
30 0.9544626474380493 0.6618980169296265 0.09107464551925659 0.3109254240989685 
30 0.5159529447555542 0.731919527053833 0.916170597076416 0.5164373517036438 
