30 0.4486938416957855 0.3948521614074707 0.5864492058753967 0.7897043228149414 
30 0.4498843252658844 0.5173836946487427 0.5963413715362549 0.5510915517807007 
30 0.4484421908855438 0.5162741541862488 0.6158522367477417 0.5582137107849121 
19 0.45043501257896423 0.5183963775634766 0.6059854626655579 0.5522447824478149 
30 0.4489639699459076 0.5115569233894348 0.5750826001167297 0.525856614112854 
7 0.4491162598133087 0.5205777883529663 0.6096524596214294 0.556969165802002 
30 0.4912126958370209 0.6161080598831177 0.9663928747177124 0.7427542209625244 
7 0.4510880410671234 0.515656590461731 0.6103403568267822 0.5622806549072266 
28 0.4501127004623413 0.5184085369110107 0.6141207218170166 0.5581910610198975 
19 0.4502263367176056 0.5182892084121704 0.6005697250366211 0.5521328449249268 
