30 0.5006020665168762 0.49836570024490356 0.9987958669662476 0.9967314004898071 
47 0.5005446672439575 0.4983305335044861 0.998910665512085 0.9966610670089722 
19 0.8737371563911438 0.48566940426826477 0.2160125970840454 0.36073821783065796 
19 0.8755415081977844 0.48745954036712646 0.220467209815979 0.37191393971443176 
30 0.5005316734313965 0.49752771854400635 0.9989365935325623 0.9950554370880127 
30 0.278091698884964 0.5025729537010193 0.5331342816352844 0.7407196760177612 
19 0.5005894899368286 0.49784985184669495 0.998820960521698 0.9956997036933899 
39 0.21088258922100067 0.6013434529304504 0.33131372928619385 0.4289437532424927 
47 0.873659074306488 0.48629701137542725 0.21751630306243896 0.3614751994609833 
30 0.8720413446426392 0.4850415885448456 0.21806800365447998 0.3607550263404846 
