30 0.5003825426101685 0.4998205602169037 0.9992350339889526 0.9996411204338074 
30 0.624286413192749 0.7518954873085022 0.751427173614502 0.4712858200073242 
30 0.5003577470779419 0.49944740533828735 0.9992845058441162 0.9988948106765747 
30 0.5003646612167358 0.670242428779602 0.9992706775665283 0.6576759815216064 
30 0.6004226207733154 0.7084884643554688 0.7937126755714417 0.5613070130348206 
30 0.5003478527069092 0.6699103713035583 0.9993042945861816 0.6562327146530151 
29 0.5000272393226624 0.5091632604598999 0.9999455213546753 0.9816734790802002 
47 0.17162494361400604 0.25453466176986694 0.34259235858917236 0.48124510049819946 
30 0.4050901532173157 0.4461817741394043 0.4130319356918335 0.1466299295425415 
5 0.6281020641326904 0.7579441666603088 0.7437959313392639 0.46568357944488525 
