47 0.5407949686050415 0.5248548984527588 0.3967664837837219 0.6633236408233643 
20 0.5385854244232178 0.5256580114364624 0.4001585841178894 0.6666224002838135 
47 0.2178584337234497 0.13870620727539062 0.1023339182138443 0.27741241455078125 
47 0.5911345481872559 0.5256943702697754 0.2971675395965576 0.6656115055084229 
47 0.5908785462379456 0.5245453119277954 0.30125856399536133 0.6707891225814819 
47 0.5924682021141052 0.5264502763748169 0.3005622923374176 0.6770753860473633 
47 0.5931400656700134 0.5255649089813232 0.30034101009368896 0.6741995811462402 
19 0.7199102640151978 0.1305413395166397 0.22994422912597656 0.2573363482952118 
20 0.5922411680221558 0.5250245332717896 0.29561829566955566 0.6654840707778931 
30 0.5899015069007874 0.5258913040161133 0.2988126277923584 0.6647738218307495 
