47 0.2713145613670349 0.5866532325744629 0.3861687183380127 0.8240147829055786 
47 0.3135756850242615 0.5838428735733032 0.4727209806442261 0.82734215259552 
30 0.7693016529083252 0.7029212117195129 0.3742936849594116 0.17678797245025635 
30 0.7604352235794067 0.7055522203445435 0.3777865171432495 0.18763232231140137 
19 0.27084285020828247 0.5807275772094727 0.3885501027107239 0.8330272436141968 
47 0.3117888569831848 0.5847338438034058 0.4634561538696289 0.8272585868835449 
30 0.2714342474937439 0.5865112543106079 0.38433629274368286 0.8245384693145752 
29 0.27044975757598877 0.5855441093444824 0.3850529193878174 0.8267464637756348 
30 0.31195002794265747 0.3305116891860962 0.28269410133361816 0.2984185516834259 
20 0.2721250057220459 0.5843336582183838 0.38621091842651367 0.8252077102661133 
