47 0.49357956647872925 0.4172593355178833 0.45958948135375977 0.629244863986969 
30 0.4936104714870453 0.41777732968330383 0.4572046399116516 0.6233853101730347 
30 0.49232688546180725 0.5323212146759033 0.4631555676460266 0.40038278698921204 
47 0.49277427792549133 0.5340487360954285 0.462791383266449 0.40482842922210693 
30 0.4755241274833679 0.3317217230796814 0.1840459108352661 0.4559501111507416 
30 0.4981154501438141 0.17521461844444275 0.09902304410934448 0.13853755593299866 
30 0.4755876660346985 0.3321044445037842 0.1856081187725067 0.4583074450492859 
37 0.4765527844429016 0.335443913936615 0.187200665473938 0.4612050950527191 
19 0.47544848918914795 0.3322271704673767 0.18531903624534607 0.45708513259887695 
19 0.49367207288742065 0.5303071737289429 0.4651832580566406 0.4109060764312744 
