19 0.32995662093162537 0.48211681842803955 0.6544228196144104 0.9642336368560791 
19 0.14648620784282684 0.6868652105331421 0.17337757349014282 0.4425334930419922 
19 0.2835339903831482 0.6895320415496826 0.2636297345161438 0.5517144203186035 
29 0.5268609523773193 0.585969090461731 0.15046295523643494 0.3432435095310211 
19 0.7418397068977356 0.5820937752723694 0.14287018775939941 0.30979740619659424 
29 0.14315080642700195 0.6868511438369751 0.1793781816959381 0.4282432794570923 
0 0.28105413913726807 0.6884777545928955 0.2616065740585327 0.5536623001098633 
19 0.4998537003993988 0.49166661500930786 0.9909578561782837 0.9833332300186157 
30 0.27567416429519653 0.6796355247497559 0.27773940563201904 0.5656416416168213 
29 0.2817462086677551 0.6889244318008423 0.26453322172164917 0.5561156272888184 
