47 0.5062373280525208 0.500156044960022 0.9726712703704834 0.9987285137176514 
30 0.6819701194763184 0.4999379813671112 0.36384785175323486 0.9986822605133057 
30 0.6885094046592712 0.5001305341720581 0.3616187572479248 0.9982354640960693 
47 0.5003774166107178 0.3340490460395813 0.9875965118408203 0.6680980920791626 
47 0.5025139451026917 0.673448920249939 0.9888367652893066 0.6429179906845093 
19 0.6905190944671631 0.4997659921646118 0.3586740493774414 0.9981433153152466 
19 0.5003398060798645 0.3326708972454071 0.9843538999557495 0.6617854833602905 
30 0.41577059030532837 0.4393457770347595 0.24222895503044128 0.7109549045562744 
40 0.6822996139526367 0.4999399781227112 0.3621329069137573 0.9986735582351685 
19 0.4133002460002899 0.439182311296463 0.24305707216262817 0.7144570350646973 
