47 0.5 0.6079130172729492 1.0 0.3995940387248993 
47 0.49994218349456787 0.6074442863464355 0.9998843669891357 0.3997282385826111 
19 0.9507664442062378 0.4395344853401184 0.09846711158752441 0.07916754484176636 
19 0.24374468624591827 0.6181154847145081 0.47622478008270264 0.3997988700866699 
37 0.499167799949646 0.6773149371147156 0.998335599899292 0.6368206739425659 
30 0.24234344065189362 0.6141766309738159 0.47927817702293396 0.40594685077667236 
30 0.24005520343780518 0.6142070889472961 0.48011040687561035 0.3852797746658325 
30 0.24154305458068848 0.6148720979690552 0.48308610916137695 0.3872612714767456 
30 0.24074694514274597 0.6139260530471802 0.48149389028549194 0.3883707523345947 
29 0.24525098502635956 0.6131946444511414 0.47901639342308044 0.4086547791957855 
