42 0.4634409248828888 0.6984121203422546 0.714095950126648 0.5893837213516235 
42 0.4723159968852997 0.7513265013694763 0.7457814812660217 0.4871426820755005 
42 0.699252188205719 0.6543115377426147 0.3857682943344116 0.4930492043495178 
47 0.4947544038295746 0.4471977949142456 0.8496092557907104 0.8943955898284912 
30 0.6496230363845825 0.6528476476669312 0.2896322011947632 0.49353861808776855 
30 0.4956473112106323 0.44177019596099854 0.8391256332397461 0.8835403919219971 
30 0.4989221692085266 0.4466898739337921 0.8430976867675781 0.889831006526947 
30 0.5460218191146851 0.7494072318077087 0.9072568416595459 0.4878060817718506 
32 0.38146325945854187 0.7317572832107544 0.6406751275062561 0.5180915594100952 
30 0.49852874875068665 0.49429649114608765 0.833441972732544 0.9885929822921753 
