19 0.09482346475124359 0.24838048219680786 0.18857163190841675 0.4143294095993042 
29 0.1622479259967804 0.603153645992279 0.32258838415145874 0.3248237073421478 
29 0.4976072609424591 0.45162180066108704 0.9809646010398865 0.6493450403213501 
19 0.6691735982894897 0.4542524516582489 0.6551339626312256 0.6381721496582031 
19 0.15944240987300873 0.6074817776679993 0.31768321990966797 0.3367636203765869 
29 0.6719285249710083 0.4437059760093689 0.6433734893798828 0.6401377320289612 
19 0.6590208411216736 0.4418452978134155 0.649590015411377 0.6356186270713806 
7 0.6809777021408081 0.4446090757846832 0.616370677947998 0.627835750579834 
28 0.41482532024383545 0.43872836232185364 0.2860989272594452 0.6295909285545349 
29 0.16054216027259827 0.6060470938682556 0.3195542097091675 0.3375111520290375 
