30 0.3953011631965637 0.4923524260520935 0.7906023263931274 0.22025620937347412 
30 0.6193337440490723 0.6656784415245056 0.7555142641067505 0.6641734838485718 
30 0.2454194873571396 0.2674640417098999 0.3141859471797943 0.278739333152771 
19 0.11566533148288727 0.180826336145401 0.2217908501625061 0.361652672290802 
47 0.49740538001060486 0.6688458919525146 0.9948107600212097 0.6556820869445801 
19 0.4836324155330658 0.5755815505981445 0.48928481340408325 0.6636960506439209 
19 0.6194330453872681 0.6564059257507324 0.7590011358261108 0.6788334846496582 
47 0.4821704030036926 0.5700503587722778 0.48244917392730713 0.6562954187393188 
30 0.4056941568851471 0.4868977665901184 0.8113883137702942 0.2191014289855957 
5 0.39424797892570496 0.48448678851127625 0.7884959578514099 0.2243172526359558 
