19 0.4991176128387451 0.36531615257263184 0.7857708930969238 0.7306323051452637 
29 0.5146571397781372 0.45185205340385437 0.459412544965744 0.5523585677146912 
7 0.5157358646392822 0.45239171385765076 0.46206018328666687 0.5570194721221924 
29 0.07671427726745605 0.8189889192581177 0.151664137840271 0.35823941230773926 
46 0.5140812397003174 0.4497513473033905 0.4565073251724243 0.5439131259918213 
29 0.513439416885376 0.4477740228176117 0.4454152286052704 0.5401084423065186 
29 0.5168331265449524 0.4516257047653198 0.4631931781768799 0.5559874773025513 
29 0.5074539184570312 0.44820061326026917 0.45510318875312805 0.542171835899353 
29 0.0746416449546814 0.8217246532440186 0.1492832899093628 0.35325801372528076 
29 0.5042071342468262 0.45160388946533203 0.4797649085521698 0.5536924600601196 
