19 0.5375254154205322 0.4234831631183624 0.8490712642669678 0.8469663262367249 
39 0.5348702669143677 0.4624456763267517 0.8431205749511719 0.7595828771591187 
7 0.5354272127151489 0.46496427059173584 0.8512903451919556 0.76772141456604 
30 0.5373383164405823 0.4620117247104645 0.8498303890228271 0.7656054496765137 
19 0.5377724170684814 0.4663798213005066 0.8544571399688721 0.7590658664703369 
39 0.5380390882492065 0.46325650811195374 0.8451310396194458 0.7638936638832092 
29 0.5365148186683655 0.46335989236831665 0.8499358892440796 0.7627129554748535 
19 0.5353707075119019 0.46440309286117554 0.8497098684310913 0.7613976001739502 
30 0.5367493629455566 0.4629972279071808 0.847784161567688 0.7654364705085754 
47 0.5359154939651489 0.46866193413734436 0.8557788133621216 0.7671102285385132 
