19 0.337617963552475 0.6742632389068604 0.6680731177330017 0.6496948003768921 
19 0.3368043005466461 0.6732264757156372 0.6691350936889648 0.6530979871749878 
28 0.7032420635223389 0.5820436477661133 0.5902091264724731 0.8291746377944946 
19 0.33642342686653137 0.6743568181991577 0.6695833206176758 0.6512864828109741 
19 0.7018800973892212 0.5820645093917847 0.5949233770370483 0.8321709632873535 
19 0.7037390470504761 0.5806196928024292 0.5918828248977661 0.8332940936088562 
19 0.7011698484420776 0.5829660892486572 0.5969076156616211 0.8306362628936768 
30 0.7014493942260742 0.5811636447906494 0.5943847894668579 0.8308607339859009 
30 0.3347795605659485 0.6758314371109009 0.669559121131897 0.6447875499725342 
29 0.336965948343277 0.6746008396148682 0.6732235550880432 0.6507983803749084 
