30 0.500443696975708 0.4991138279438019 0.999112606048584 0.9982276558876038 
28 0.45921480655670166 0.8306732177734375 0.35819557309150696 0.3259273171424866 
30 0.722217857837677 0.6441060304641724 0.13695991039276123 0.3141123652458191 
30 0.456857293844223 0.7839924097061157 0.3605958819389343 0.42063969373703003 
21 0.14154520630836487 0.7440551519393921 0.21562176942825317 0.36636877059936523 
21 0.46929287910461426 0.7673110365867615 0.12122789025306702 0.2054271697998047 
28 0.45923131704330444 0.8698518872261047 0.3607157766819 0.2469569444656372 
30 0.5004498958587646 0.49896174669265747 0.9991002082824707 0.9979234933853149 
49 0.4660547971725464 0.7593448162078857 0.13551998138427734 0.19957023859024048 
21 0.3374413549900055 0.7777594327926636 0.6017513871192932 0.4349134564399719 
