30 0.8534267544746399 0.8505207300186157 0.10602343082427979 0.2893437147140503 
30 0.9565086960792542 0.8463053107261658 0.08373117446899414 0.2946711778640747 
30 0.9484429359436035 0.848379373550415 0.10040163993835449 0.2928035259246826 
7 0.5411059260368347 0.6671615839004517 0.7949752807617188 0.6400716304779053 
30 0.8520764708518982 0.8509203791618347 0.1082688570022583 0.28915250301361084 
47 0.8501390814781189 0.850641667842865 0.1046675443649292 0.29017162322998047 
30 0.5385215282440186 0.6667836308479309 0.7959474325180054 0.6393407583236694 
47 0.47147244215011597 0.6771739721298218 0.9373716711997986 0.6396533250808716 
19 0.5419583320617676 0.6700150966644287 0.7940309047698975 0.6343919038772583 
47 0.5667018890380859 0.4955827295780182 0.8465055227279663 0.9873282313346863 
