47 0.5642601847648621 0.5090340375900269 0.22750329971313477 0.743095874786377 
47 0.5655155777931213 0.5068241357803345 0.22746410965919495 0.7476392388343811 
30 0.5672712922096252 0.4666869342327118 0.21081149578094482 0.6719442009925842 
19 0.5004199743270874 0.6293035745620728 0.9991601705551147 0.7216300964355469 
30 0.5661681890487671 0.47232431173324585 0.2179173231124878 0.6699490547180176 
37 0.5004867315292358 0.5624657869338989 0.9990265369415283 0.8577501773834229 
30 0.5718896389007568 0.46928128600120544 0.2134765386581421 0.6693763732910156 
47 0.5715104937553406 0.4691114127635956 0.215876966714859 0.670753002166748 
30 0.5713756084442139 0.46983399987220764 0.21954786777496338 0.6734825372695923 
19 0.28937631845474243 0.21823661029338837 0.5787526369094849 0.4355652928352356 
