21 0.5006439685821533 0.5132989287376404 0.9540373086929321 0.8378146886825562 
21 0.5136938095092773 0.5223720073699951 0.9571322202682495 0.8259879350662231 
30 0.5219147205352783 0.49919384717941284 0.9561706185340881 0.8732886910438538 
42 0.8380330204963684 0.3088662922382355 0.3163785934448242 0.5133826732635498 
30 0.5034064054489136 0.5195887088775635 0.9193013906478882 0.8218414783477783 
21 0.5025675296783447 0.5420177578926086 0.9295947551727295 0.80089271068573 
30 0.5144662261009216 0.5024429559707642 0.9435349702835083 0.873913049697876 
21 0.5036035776138306 0.5246886014938354 0.9248307943344116 0.8156453371047974 
30 0.8393576145172119 0.3130386173725128 0.3159165382385254 0.505394458770752 
42 0.8374814391136169 0.31672045588493347 0.31553077697753906 0.5041037797927856 
