47 0.5014556646347046 0.4980155825614929 0.9893207550048828 0.9898396134376526 
30 0.4603715240955353 0.49673759937286377 0.9176132678985596 0.9934751987457275 
47 0.46519947052001953 0.5073564052581787 0.9169324636459351 0.9722474813461304 
30 0.46321776509284973 0.5063709020614624 0.91363525390625 0.9721529483795166 
7 0.46509408950805664 0.5105615854263306 0.9063235521316528 0.9702987670898438 
30 0.46591174602508545 0.5101507902145386 0.9070825576782227 0.972079873085022 
19 0.5397416949272156 0.5890976190567017 0.2267197072505951 0.18526601791381836 
29 0.8198683261871338 0.22814756631851196 0.3512613773345947 0.384460985660553 
20 0.5125035047531128 0.21360495686531067 0.4781630039215088 0.38952475786209106 
19 0.45914891362190247 0.5126000642776489 0.9154942631721497 0.9747998714447021 
