47 0.5357000827789307 0.4644808769226074 0.9285998344421387 0.9289617538452148 
30 0.5394932627677917 0.4552644193172455 0.9196829795837402 0.910528838634491 
30 0.534919023513794 0.4519174098968506 0.9301620721817017 0.9038348197937012 
47 0.4927408993244171 0.6765298843383789 0.6721289157867432 0.5597357749938965 
19 0.53919917345047 0.5137919187545776 0.26937830448150635 0.8178313970565796 
30 0.5410354137420654 0.5161417126655579 0.27418482303619385 0.8187732696533203 
22 0.5362644195556641 0.45299091935157776 0.9274711608886719 0.9059818387031555 
19 0.5307252407073975 0.17246893048286438 0.07521927356719971 0.12542492151260376 
30 0.5416901111602783 0.5164195895195007 0.2790710926055908 0.8208872079849243 
29 0.5415654182434082 0.516270637512207 0.2770378291606903 0.8189728260040283 
