30 0.4064987897872925 0.5902515649795532 0.812997579574585 0.8194968700408936 
47 0.4721602201461792 0.5827075242996216 0.3491474390029907 0.7975045442581177 
47 0.06218758970499039 0.5777201056480408 0.12437517940998077 0.7143151760101318 
47 0.4721463918685913 0.5835647583007812 0.34811723232269287 0.7975449562072754 
30 0.8043718338012695 0.4076581597328186 0.3912563920021057 0.5348835587501526 
15 0.47258538007736206 0.5836693644523621 0.35099029541015625 0.8008567094802856 
30 0.4089598059654236 0.61198890209198 0.8179196119308472 0.7757436037063599 
40 0.4714440703392029 0.5850056409835815 0.3480384349822998 0.800102949142456 
30 0.8035788536071777 0.2307082712650299 0.3928423523902893 0.18484407663345337 
47 0.4504372477531433 0.24348631501197815 0.17631611227989197 0.13156120479106903 
