30 0.5000597238540649 0.3829039931297302 0.9998208284378052 0.7658079862594604 
30 0.28747403621673584 0.8230669498443604 0.2834400534629822 0.31208616495132446 
30 0.5800048112869263 0.19352197647094727 0.6988662481307983 0.25194501876831055 
30 0.2988567352294922 0.8321545124053955 0.5977134704589844 0.3246230483055115 
30 0.28618523478507996 0.8245618343353271 0.2788078784942627 0.31545960903167725 
30 0.5828345417976379 0.19057177007198334 0.7017765045166016 0.25301408767700195 
49 0.5839871168136597 0.19609926640987396 0.6880785226821899 0.2586010694503784 
30 0.5883382558822632 0.5365012884140015 0.6748247146606445 0.9247171878814697 
30 0.583820104598999 0.19207234680652618 0.69935142993927 0.26840561628341675 
30 0.5821993947029114 0.19462473690509796 0.6992735862731934 0.26088953018188477 
