47 0.5293017625808716 0.5993174314498901 0.9302700757980347 0.7968604564666748 
19 0.7205390930175781 0.6310149431228638 0.5542450547218323 0.7355294227600098 
29 0.3733566403388977 0.41994816064834595 0.6334971189498901 0.4352378249168396 
24 0.7232342958450317 0.6286609172821045 0.5530740022659302 0.733656644821167 
47 0.5003446340560913 0.631251335144043 0.9993107914924622 0.7350708246231079 
19 0.5635176301002502 0.5852314233779907 0.30411496758461 0.6099388599395752 
20 0.719571590423584 0.6319762468338013 0.5585623979568481 0.7360475659370422 
19 0.721336841583252 0.6309666633605957 0.5501186847686768 0.7346756458282471 
21 0.707027018070221 0.6319624185562134 0.577171802520752 0.7338931560516357 
47 0.3828185796737671 0.43331068754196167 0.648757815361023 0.4570816457271576 
