19 0.76509690284729 0.5151515007019043 0.4698062539100647 0.7739834785461426 
30 0.7541131377220154 0.3712019920349121 0.4277304410934448 0.49584224820137024 
37 0.2804432511329651 0.5100553035736084 0.5608865022659302 0.7646734714508057 
29 0.5000114440917969 0.6673449873924255 0.9982234239578247 0.6566029787063599 
30 0.2816372811794281 0.6051969528198242 0.5569019317626953 0.5733672380447388 
47 0.766573965549469 0.6191467046737671 0.4623908996582031 0.561911940574646 
19 0.7634395360946655 0.5062236785888672 0.46693670749664307 0.7933124899864197 
29 0.7659398913383484 0.6201581954956055 0.4635084867477417 0.5582993030548096 
29 0.7638231515884399 0.6182442903518677 0.4532965421676636 0.5510621070861816 
29 0.500196099281311 0.3024117350578308 0.9996077418327332 0.3868136405944824 
