30 0.5004023313522339 0.6042648553848267 0.9991952776908875 0.7818465232849121 
30 0.26807522773742676 0.6019952893257141 0.3366950750350952 0.20101392269134521 
30 0.5004050731658936 0.6167672872543335 0.9991898536682129 0.763982892036438 
23 0.2706037759780884 0.6029064655303955 0.33491408824920654 0.19604039192199707 
19 0.45850422978401184 0.31055471301078796 0.3319571614265442 0.19125241041183472 
29 0.7765200138092041 0.7072019577026367 0.4469599723815918 0.5820555686950684 
19 0.45924752950668335 0.3139082193374634 0.34000706672668457 0.2027772068977356 
23 0.2715524435043335 0.6063951849937439 0.33399438858032227 0.21017861366271973 
29 0.5004439353942871 0.6144715547561646 0.9991122484207153 0.7655901908874512 
29 0.5004228353500366 0.6147986650466919 0.9991543292999268 0.7672073841094971 
