20 0.6620680689811707 0.519810676574707 0.42550039291381836 0.6828328371047974 
47 0.498953640460968 0.517558217048645 0.9954535961151123 0.6858506202697754 
19 0.6090248823165894 0.5207432508468628 0.3173198699951172 0.6884962320327759 
47 0.6085743308067322 0.522317111492157 0.32043448090553284 0.6841145753860474 
19 0.7897590398788452 0.6383925080299377 0.17287153005599976 0.25671982765197754 
47 0.5896074175834656 0.23121806979179382 0.13344871997833252 0.10045172274112701 
19 0.6090583205223083 0.5214407444000244 0.3175162076950073 0.6805280447006226 
7 0.6094188690185547 0.5220947861671448 0.31673920154571533 0.6832046508789062 
21 0.6084960103034973 0.5216968059539795 0.31614744663238525 0.6857321262359619 
29 0.6107828617095947 0.5213390588760376 0.31777575612068176 0.6821560859680176 
