30 0.5004371404647827 0.5333636403083801 0.9945259094238281 0.7329455614089966 
30 0.2375786155462265 0.5900481939315796 0.23219558596611023 0.35958001017570496 
30 0.4092198312282562 0.4141254425048828 0.1384602189064026 0.2382207214832306 
30 0.09491802006959915 0.621855616569519 0.18857020139694214 0.3561854362487793 
30 0.5003314018249512 0.528908371925354 0.9965813159942627 0.7357025146484375 
30 0.5416789054870605 0.5926538705825806 0.14816254377365112 0.5604133009910583 
30 0.26367756724357605 0.6363307237625122 0.28069907426834106 0.4486690163612366 
30 0.49619626998901367 0.538810133934021 0.9923925399780273 0.7367881536483765 
30 0.5001559257507324 0.5289713144302368 0.9956797361373901 0.7342764139175415 
9 0.5513802170753479 0.7819616198539734 0.13505077362060547 0.1661163568496704 
