20 0.4628641903400421 0.36205658316612244 0.9257283806800842 0.5936070084571838 
47 0.5868901014328003 0.3597528040409088 0.6761231422424316 0.5920277833938599 
19 0.46349769830703735 0.35958242416381836 0.9269953966140747 0.5924097299575806 
47 0.5831972360610962 0.3619966208934784 0.6702989339828491 0.585545539855957 
49 0.261680006980896 0.3192228674888611 0.523360013961792 0.23228579759597778 
20 0.5846539735794067 0.35917237401008606 0.6831148862838745 0.5884177684783936 
30 0.5839499831199646 0.3605290353298187 0.6778357028961182 0.5879483819007874 
30 0.5863165259361267 0.3621732294559479 0.6730340719223022 0.5892214775085449 
30 0.12678858637809753 0.09609644114971161 0.15301552414894104 0.19219288229942322 
47 0.5847163200378418 0.3599800169467926 0.6762917041778564 0.5893768072128296 
