20 0.4347483217716217 0.43484610319137573 0.457815945148468 0.7843496799468994 
47 0.43300020694732666 0.42444151639938354 0.45839130878448486 0.7755389213562012 
19 0.4352434277534485 0.42383232712745667 0.4467359185218811 0.7691981196403503 
21 0.4306333065032959 0.42907747626304626 0.4603247046470642 0.7689726948738098 
19 0.484149694442749 0.6565566658973694 0.3327155113220215 0.324276328086853 
30 0.4357205033302307 0.428174763917923 0.46173274517059326 0.771091103553772 
30 0.4309319853782654 0.42708638310432434 0.4674595594406128 0.7712342739105225 
47 0.4402620792388916 0.3800188899040222 0.43206149339675903 0.32041746377944946 
20 0.4299743175506592 0.42930158972740173 0.46599051356315613 0.7720685601234436 
19 0.4327009320259094 0.42803701758384705 0.4661685824394226 0.7699190974235535 
