47 0.46866488456726074 0.5720353126525879 0.4441940188407898 0.8462835550308228 
47 0.8898387551307678 0.5265371799468994 0.22032248973846436 0.9323979616165161 
19 0.8895765542984009 0.5263952016830444 0.22084689140319824 0.9328244924545288 
47 0.42564672231674194 0.5719372034072876 0.35660967230796814 0.8445733785629272 
47 0.4266650080680847 0.5738174915313721 0.3574106693267822 0.8450273275375366 
47 0.42831534147262573 0.5714823007583618 0.3595210611820221 0.8444092273712158 
20 0.4273177981376648 0.5713266134262085 0.3673066794872284 0.8441015481948853 
19 0.8914605379104614 0.5264127254486084 0.21707898378372192 0.9322291612625122 
21 0.42852354049682617 0.5735056400299072 0.36129137873649597 0.8449996113777161 
47 0.42994189262390137 0.5731120109558105 0.36309438943862915 0.8461866974830627 
