19 0.4958370625972748 0.4626378118991852 0.8885793685913086 0.764886736869812 
19 0.49984976649284363 0.4722614288330078 0.9138799905776978 0.8004215955734253 
29 0.49922242760658264 0.4625888764858246 0.9007583856582642 0.7607225179672241 
29 0.49944379925727844 0.47266244888305664 0.9118366241455078 0.7821964025497437 
19 0.4771273136138916 0.36985915899276733 0.3021501302719116 0.5454099178314209 
19 0.4994772970676422 0.4750525951385498 0.9091387987136841 0.7837728261947632 
19 0.493953675031662 0.4573831260204315 0.880571186542511 0.7648791074752808 
30 0.49493756890296936 0.4579898416996002 0.8939220309257507 0.7530853748321533 
29 0.49279913306236267 0.4557056725025177 0.8805407285690308 0.7493776082992554 
19 0.5022847652435303 0.48623624444007874 0.9149249792098999 0.8084839582443237 
