47 0.7482669353485107 0.5661349296569824 0.464419960975647 0.8575776815414429 
30 0.3364618718624115 0.5699895620346069 0.492637574672699 0.8495491743087769 
19 0.06925582885742188 0.551881730556488 0.13851165771484375 0.8864814639091492 
19 0.8949933052062988 0.635737955570221 0.21001338958740234 0.7264573574066162 
30 0.7477825880050659 0.5661918520927429 0.4700857996940613 0.8596947193145752 
47 0.3355545997619629 0.5702979564666748 0.49004626274108887 0.8512276411056519 
24 0.748612105846405 0.5664010047912598 0.4628746509552002 0.8575094938278198 
47 0.4139746427536011 0.5694469809532166 0.33268702030181885 0.850002646446228 
19 0.74791419506073 0.5629881620407104 0.4605226516723633 0.8663854598999023 
21 0.7507147789001465 0.5674084424972534 0.4654802083969116 0.8587559461593628 
