21 0.2761521339416504 0.48141223192214966 0.21744555234909058 0.3581952154636383 
21 0.5005981922149658 0.49846935272216797 0.9988037347793579 0.9969387054443359 
30 0.28845152258872986 0.4147038757801056 0.07620513439178467 0.15741199254989624 
21 0.5006046295166016 0.4987295866012573 0.9987906813621521 0.9974591732025146 
30 0.500535786151886 0.4985389709472656 0.998928427696228 0.9970779418945312 
21 0.5005637407302856 0.4988427758216858 0.9988725185394287 0.9976855516433716 
5 0.24901871383190155 0.7554280161857605 0.35534536838531494 0.47684764862060547 
21 0.10714337974786758 0.3974539637565613 0.19476228952407837 0.5633430480957031 
30 0.22584949433803558 0.7348999977111816 0.3138427734375 0.5168114304542542 
21 0.5005718469619751 0.49860072135925293 0.9988564252853394 0.9972014427185059 
