30 0.7982529401779175 0.5801840424537659 0.11496222019195557 0.343069463968277 
37 0.800335168838501 0.5801687836647034 0.11549699306488037 0.3434029519557953 
47 0.8006011843681335 0.5245669484138489 0.11416113376617432 0.22886133193969727 
37 0.4099181294441223 0.594066321849823 0.10980358719825745 0.34665489196777344 
37 0.1997940093278885 0.35874542593955994 0.3985733687877655 0.7174908518791199 
30 0.4022602140903473 0.5168617963790894 0.09250134229660034 0.1915682554244995 
47 0.8008243441581726 0.5244550108909607 0.11340677738189697 0.22622895240783691 
47 0.8007858395576477 0.5213570594787598 0.11473345756530762 0.23294901847839355 
29 0.802142858505249 0.5806667804718018 0.11384153366088867 0.34242838621139526 
47 0.4186888039112091 0.6403452754020691 0.0814281702041626 0.22573423385620117 
