47 0.7188000679016113 0.499053418636322 0.5591411590576172 0.998106837272644 
47 0.3939850330352783 0.5967132449150085 0.45371508598327637 0.7961372137069702 
30 0.39575809240341187 0.5933867692947388 0.45889878273010254 0.7987279891967773 
47 0.3742947578430176 0.5715620517730713 0.3890222907066345 0.5174418687820435 
20 0.7178792953491211 0.4995744228363037 0.5617357492446899 0.9979566335678101 
47 0.5851819515228271 0.4994836449623108 0.8263359069824219 0.9983370304107666 
47 0.7169283628463745 0.49977919459342957 0.5650653839111328 0.998424768447876 
19 0.7122169733047485 0.4999975264072418 0.5699883699417114 0.998258113861084 
30 0.3929339051246643 0.5943912267684937 0.45500168204307556 0.7987724542617798 
30 0.3876308798789978 0.5960317850112915 0.4305442273616791 0.7947357892990112 
