30 0.28986692428588867 0.5453910827636719 0.22002695500850677 0.6057646870613098 
47 0.2909843921661377 0.5457305908203125 0.21981261670589447 0.6066262722015381 
37 0.2932533025741577 0.5940824747085571 0.22045135498046875 0.5109552145004272 
30 0.2918538749217987 0.5942564010620117 0.21682500839233398 0.5060263872146606 
30 0.29341140389442444 0.5968625545501709 0.2265341877937317 0.5164192914962769 
19 0.28948280215263367 0.3228245973587036 0.1045418232679367 0.15339295566082 
47 0.28998786211013794 0.4721454977989197 0.22771404683589935 0.46223771572113037 
30 0.2908696234226227 0.4722539186477661 0.2239169478416443 0.46091586351394653 
47 0.28946831822395325 0.47454291582107544 0.22350828349590302 0.46358516812324524 
47 0.28842589259147644 0.47334742546081543 0.21930700540542603 0.4591082036495209 
