20 0.5523257851600647 0.48688334226608276 0.8857383728027344 0.9736691117286682 
32 0.3897581994533539 0.49034255743026733 0.5527403354644775 0.9655903577804565 
32 0.6982883214950562 0.48382019996643066 0.5956191420555115 0.9676403999328613 
47 0.7277387976646423 0.2589627802371979 0.5432130098342896 0.5179255604743958 
19 0.7012598514556885 0.7520384788513184 0.40969204902648926 0.47366130352020264 
19 0.39105549454689026 0.49070271849632263 0.5581269860267639 0.96671462059021 
19 0.5056502223014832 0.6625996828079224 0.17477020621299744 0.5857682228088379 
20 0.3888928294181824 0.49183639883995056 0.5582478046417236 0.9697321653366089 
19 0.7057073712348938 0.4944380521774292 0.5727838277816772 0.9878769516944885 
20 0.7077082991600037 0.7527058124542236 0.4113105535507202 0.480374813079834 
