30 0.5343894958496094 0.6271070241928101 0.931221067905426 0.5977135896682739 
30 0.5004346370697021 0.6617450714111328 0.9991308450698853 0.6643897294998169 
30 0.37747982144355774 0.7084123492240906 0.6289746165275574 0.4440986216068268 
30 0.39288580417633057 0.5001142621040344 0.42934560775756836 0.9951903820037842 
30 0.3964354693889618 0.4992850124835968 0.42668062448501587 0.9950032234191895 
30 0.5445787906646729 0.6184835433959961 0.4778228998184204 0.7456101775169373 
49 0.5389510989189148 0.4994589388370514 0.463218092918396 0.9962842464447021 
19 0.38576045632362366 0.7060592174530029 0.6498088836669922 0.44533538818359375 
49 0.5408076047897339 0.49995294213294983 0.46565568447113037 0.9956059455871582 
41 0.49707692861557007 0.707783579826355 0.8601642847061157 0.44248008728027344 
