19 0.5009893178939819 0.5673699378967285 0.9970989227294922 0.8583059310913086 
47 0.5017247796058655 0.5666466951370239 0.9963827133178711 0.8638267517089844 
19 0.5017365217208862 0.564447283744812 0.9952231645584106 0.866743803024292 
19 0.40591520071029663 0.8920332789421082 0.2916569709777832 0.18510544300079346 
19 0.5004371404647827 0.5646909475326538 0.9982876777648926 0.8530528545379639 
19 0.5004132986068726 0.5647831559181213 0.9982810020446777 0.8566428422927856 
30 0.5003973245620728 0.5655381679534912 0.9981716871261597 0.8539541959762573 
29 0.5012946724891663 0.5669122934341431 0.9969204664230347 0.8614891767501831 
47 0.5014059543609619 0.5684621930122375 0.9968065023422241 0.8602495193481445 
20 0.500739336013794 0.5667197704315186 0.998121976852417 0.8619349002838135 
