19 0.3740089237689972 0.5035008788108826 0.7480178475379944 0.473702996969223 
19 0.49771806597709656 0.4529559016227722 0.9885497689247131 0.31390857696533203 
29 0.4811154007911682 0.5907291769981384 0.1191176176071167 0.3087421953678131 
30 0.23034298419952393 0.3777744770050049 0.46068596839904785 0.23302841186523438 
7 0.4159572422504425 0.5832201242446899 0.1800031065940857 0.3146650791168213 
7 0.24275271594524384 0.5666638016700745 0.48550543189048767 0.3422107696533203 
7 0.4890856146812439 0.42403459548950195 0.9781712293624878 0.31733620166778564 
28 0.5437002778053284 0.429791122674942 0.45111075043678284 0.6322033405303955 
28 0.4883815348148346 0.42759379744529724 0.9767630696296692 0.3207772374153137 
7 0.23559126257896423 0.3760250210762024 0.47118252515792847 0.21817094087600708 
