30 0.5003869533538818 0.5475527048110962 0.9992262125015259 0.9048945307731628 
47 0.449415385723114 0.5959736108779907 0.688605546951294 0.8077710866928101 
29 0.44654905796051025 0.5961689949035645 0.687954306602478 0.8076620101928711 
30 0.4473917782306671 0.595482349395752 0.6888999938964844 0.8090353012084961 
47 0.44655999541282654 0.5950145721435547 0.6793616414070129 0.804736852645874 
19 0.42200660705566406 0.4554500877857208 0.16746076941490173 0.13221782445907593 
47 0.4474453032016754 0.5938157439231873 0.6777929067611694 0.8064322471618652 
29 0.4478464424610138 0.5928352475166321 0.6801915168762207 0.8088991641998291 
7 0.4467497766017914 0.5958689451217651 0.6847679018974304 0.8082621097564697 
19 0.4522112309932709 0.594023585319519 0.6887841820716858 0.807204008102417 
