47 0.4998258650302887 0.7569277882575989 0.9996517300605774 0.4809762239456177 
19 0.49979981780052185 0.8698480129241943 0.9995996356010437 0.25565075874328613 
30 0.4222222566604614 0.4475215971469879 0.6163097620010376 0.706752359867096 
47 0.49980685114860535 0.5468162298202515 0.9996137022972107 0.8976067900657654 
5 0.41911640763282776 0.4546370506286621 0.6179385781288147 0.7108621597290039 
19 0.4192962944507599 0.4555012583732605 0.618664026260376 0.7095257043838501 
30 0.4205097258090973 0.4555124044418335 0.6227738261222839 0.7142702341079712 
19 0.4998289942741394 0.7559612989425659 0.9996579885482788 0.48196256160736084 
47 0.4224766194820404 0.44806209206581116 0.6166747212409973 0.7038803696632385 
19 0.41975143551826477 0.45395997166633606 0.6257914304733276 0.7137552499771118 
