47 0.5148345232009888 0.5020533800125122 0.36539170145988464 0.6608178019523621 
30 0.5149118304252625 0.5009270906448364 0.3665977716445923 0.659609854221344 
47 0.4564218521118164 0.7765780687332153 0.18452906608581543 0.11371642351150513 
30 0.5147956013679504 0.4821930229663849 0.36431825160980225 0.6072600483894348 
30 0.45707541704177856 0.7775044441223145 0.185036301612854 0.11943650245666504 
30 0.5157395005226135 0.4798450171947479 0.36743247509002686 0.6062033176422119 
30 0.5161982178688049 0.4817698895931244 0.36459383368492126 0.6095449328422546 
42 0.5145988464355469 0.47720399498939514 0.3628627061843872 0.6127114295959473 
19 0.5145462155342102 0.47974565625190735 0.36465057730674744 0.6128196716308594 
47 0.4935440421104431 0.25077635049819946 0.09175726771354675 0.14459584653377533 
