19 0.4400806427001953 0.5792636275291443 0.8686238527297974 0.8351187705993652 
21 0.44146499037742615 0.5787585973739624 0.8655242919921875 0.8320343494415283 
20 0.43119415640830994 0.5811313390731812 0.8518890142440796 0.8298207521438599 
20 0.2734340727329254 0.2671540677547455 0.5454143285751343 0.22661787271499634 
47 0.43277648091316223 0.5805804133415222 0.8586851954460144 0.8313876390457153 
29 0.43977615237236023 0.5791687965393066 0.8651137948036194 0.832016110420227 
30 0.4667675495147705 0.6665367484092712 0.34113776683807373 0.18287885189056396 
29 0.25038522481918335 0.27000054717063904 0.5007704496383667 0.20366811752319336 
30 0.5303528308868408 0.3406336307525635 0.40170004963874817 0.35866931080818176 
30 0.4393034279346466 0.5790299773216248 0.8656958341598511 0.8328418731689453 
