7 0.5042273998260498 0.5179129838943481 0.9915450811386108 0.9490371346473694 
19 0.4934007525444031 0.6458061337471008 0.23607364296913147 0.5014407634735107 
7 0.7106028199195862 0.512595534324646 0.48948466777801514 0.9538370370864868 
19 0.5003736615180969 0.5108990669250488 0.9990319013595581 0.9457979202270508 
19 0.5038392543792725 0.5176393389701843 0.9923214316368103 0.9475984573364258 
29 0.7135109305381775 0.5126728415489197 0.4886190891265869 0.9508727788925171 
29 0.7133311629295349 0.5122230052947998 0.48467493057250977 0.9500540494918823 
22 0.506971538066864 0.6904885768890381 0.986056923866272 0.596537709236145 
29 0.5053625106811523 0.5157588720321655 0.9892749786376953 0.9495362043380737 
29 0.7115151286125183 0.5176023244857788 0.49737849831581116 0.9451699256896973 
