47 0.4997549057006836 0.611404299736023 0.9982074499130249 0.771712064743042 
20 0.5108143091201782 0.535014271736145 0.3578554391860962 0.9235907793045044 
19 0.6646531224250793 0.6131812930107117 0.2542198896408081 0.7691360712051392 
47 0.31248462200164795 0.6016265153884888 0.20575308799743652 0.7965063452720642 
19 0.2973686456680298 0.6028794646263123 0.23992784321308136 0.7930980920791626 
10 0.49572813510894775 0.5942118167877197 0.21443215012550354 0.8044236898422241 
32 0.49537062644958496 0.5966862440109253 0.21506628394126892 0.8025476932525635 
32 0.6638156771659851 0.611487627029419 0.250557541847229 0.7766780853271484 
19 0.6489999294281006 0.614641547203064 0.2866531014442444 0.7707170248031616 
19 0.31203529238700867 0.6035908460617065 0.20176565647125244 0.7918118238449097 
