21 0.5004633665084839 0.573401153087616 0.9990732669830322 0.8449653387069702 
21 0.5004436373710632 0.6015194654464722 0.9990336894989014 0.790897011756897 
30 0.5003839731216431 0.6013104915618896 0.9992320537567139 0.7917739152908325 
11 0.5005486011505127 0.5114902853965759 0.9989027380943298 0.9700697660446167 
19 0.5002980828285217 0.5940524339675903 0.9994038343429565 0.8118951916694641 
21 0.5004398822784424 0.6059954762458801 0.9991203546524048 0.7824585437774658 
21 0.5001708269119263 0.4965322017669678 0.9996583461761475 0.9930644035339355 
11 0.5004334449768066 0.49827006459236145 0.9991331100463867 0.9952536225318909 
30 0.5004756450653076 0.49891194701194763 0.9990487694740295 0.9859827756881714 
21 0.5003896355628967 0.5799702405929565 0.9992207288742065 0.8339633941650391 
