30 0.499715119600296 0.7383322715759277 0.9888430833816528 0.5094274282455444 
30 0.9098116159439087 0.7953419089317322 0.17978233098983765 0.405237078666687 
47 0.8370994329452515 0.32454973459243774 0.3246750831604004 0.6278923749923706 
47 0.5007613897323608 0.6664074659347534 0.9811505079269409 0.6524677872657776 
18 0.4960014820098877 0.7165411114692688 0.9920029640197754 0.5519860982894897 
10 0.7179085612297058 0.6283221244812012 0.4918093681335449 0.16951918601989746 
30 0.8407641649246216 0.32642504572868347 0.31847161054611206 0.6453958749771118 
19 0.03966745734214783 0.625883162021637 0.07933491468429565 0.37537264823913574 
19 0.918498694896698 0.7935162782669067 0.16233575344085693 0.40869128704071045 
10 0.03924628347158432 0.6271101832389832 0.07849256694316864 0.37413489818573 
