19 0.47371208667755127 0.47092023491859436 0.6711947917938232 0.9095699787139893 
30 0.6106597781181335 0.46701183915138245 0.39799538254737854 0.8988001346588135 
30 0.46454721689224243 0.47907692193984985 0.6604748964309692 0.8974566459655762 
19 0.33669257164001465 0.32304370403289795 0.20365501940250397 0.5842386484146118 
47 0.4626966416835785 0.4733174741268158 0.6483858823776245 0.8931270837783813 
30 0.6034144759178162 0.46440041065216064 0.40700411796569824 0.9095613360404968 
39 0.362754225730896 0.3236715495586395 0.25131282210350037 0.5919382572174072 
39 0.6127089858055115 0.46438148617744446 0.3910871744155884 0.8937118053436279 
30 0.6067172884941101 0.4766874611377716 0.4083251953125 0.9184572100639343 
30 0.3494705557823181 0.32132789492607117 0.21664680540561676 0.5879696607589722 
