47 0.4311944246292114 0.4869796931743622 0.5049766898155212 0.7994475960731506 
47 0.4403315484523773 0.6177550554275513 0.6618484258651733 0.6642491817474365 
47 0.5525518655776978 0.5905770659446716 0.26143455505371094 0.6057814359664917 
30 0.5531503558158875 0.5886309146881104 0.2673933506011963 0.6065570116043091 
47 0.5249132513999939 0.6304597854614258 0.329448938369751 0.6905983686447144 
30 0.5003681182861328 0.6417790651321411 0.9989415407180786 0.7126319408416748 
40 0.5540422797203064 0.5904144048690796 0.2605074644088745 0.601994514465332 
30 0.5584063529968262 0.5902436971664429 0.26022982597351074 0.6042044162750244 
20 0.5580644011497498 0.587985634803772 0.26335081458091736 0.6039462089538574 
21 0.5507015585899353 0.35160356760025024 0.12418127059936523 0.13147544860839844 
