19 0.43681856989860535 0.5792325735092163 0.7908191680908203 0.8367552757263184 
19 0.4384027123451233 0.5790035724639893 0.7790110111236572 0.833998441696167 
29 0.9083828926086426 0.7288678884506226 0.09374558925628662 0.37354743480682373 
29 0.43997862935066223 0.5910313129425049 0.7923952341079712 0.8118226528167725 
47 0.43808868527412415 0.6694183349609375 0.7949771881103516 0.6530632376670837 
29 0.43445321917533875 0.6812693476676941 0.8013697266578674 0.6343439817428589 
47 0.4360477030277252 0.6732195615768433 0.7956336736679077 0.6495575308799744 
37 0.513193666934967 0.34823089838027954 0.23588931560516357 0.3787904679775238 
47 0.5160406231880188 0.347823828458786 0.2427455186843872 0.3717203736305237 
19 0.515400767326355 0.3474811315536499 0.24205660820007324 0.3712725341320038 
