47 0.5002679824829102 0.5109254121780396 0.9983727931976318 0.9538285732269287 
47 0.5005332231521606 0.10124687105417252 0.9989336729049683 0.20249374210834503 
19 0.4864339530467987 0.4789263606071472 0.35102635622024536 0.4899958670139313 
47 0.5005197525024414 0.5066490173339844 0.998960554599762 0.9719830751419067 
19 0.4870954751968384 0.4798877239227295 0.3591485023498535 0.48952507972717285 
30 0.5002497434616089 0.5062198638916016 0.9984312057495117 0.9557957649230957 
30 0.48691508173942566 0.48274779319763184 0.3537217974662781 0.4940764904022217 
39 0.48998820781707764 0.47496217489242554 0.36304330825805664 0.49647414684295654 
29 0.48999449610710144 0.473388671875 0.35865288972854614 0.49336671829223633 
39 0.3469557762145996 0.42652755975723267 0.6523940563201904 0.6030482649803162 
