30 0.5004708766937256 0.4978697896003723 0.9990583658218384 0.9957395792007446 
30 0.5005382299423218 0.5060544013977051 0.9989234805107117 0.975013017654419 
30 0.5005712509155273 0.5025689601898193 0.9988574981689453 0.9862024784088135 
49 0.5004401206970215 0.49798285961151123 0.9991198778152466 0.9959657192230225 
30 0.500544548034668 0.4981355667114258 0.9989109039306641 0.9962711334228516 
49 0.5004582405090332 0.498071551322937 0.9990835189819336 0.996143102645874 
19 0.5005004405975342 0.4978875517845154 0.9989990592002869 0.9957751035690308 
30 0.5004337430000305 0.4980331063270569 0.999132513999939 0.9960662126541138 
30 0.5005095601081848 0.49793922901153564 0.9989808797836304 0.9958784580230713 
30 0.5003827810287476 0.49805933237075806 0.9992344975471497 0.9961186647415161 
