47 0.411867618560791 0.7220830917358398 0.8170723915100098 0.5339832305908203 
47 0.3703663945198059 0.7265445590019226 0.7358918190002441 0.5398571491241455 
28 0.3687727749347687 0.7217682600021362 0.7331935167312622 0.5350576639175415 
30 0.37185439467430115 0.7250840663909912 0.7398694157600403 0.53932785987854 
30 0.7602828741073608 0.7058293223381042 0.12464642524719238 0.40236592292785645 
19 0.3701205551624298 0.7265015840530396 0.7321414947509766 0.5297843217849731 
19 0.3690855801105499 0.7246222496032715 0.7298720479011536 0.5279465913772583 
47 0.7610686421394348 0.7055795192718506 0.12344968318939209 0.4009493589401245 
29 0.7620687484741211 0.7116787433624268 0.11800765991210938 0.39548635482788086 
30 0.7626608610153198 0.7104576826095581 0.11621689796447754 0.39809489250183105 
