47 0.19942781329154968 0.37795591354370117 0.1627122461795807 0.42256343364715576 
47 0.5001786947250366 0.3464416563510895 0.9969402551651001 0.6872979998588562 
47 0.8260474801063538 0.3679615259170532 0.08443403244018555 0.17087414860725403 
47 0.17015650868415833 0.6806646585464478 0.21874767541885376 0.32837289571762085 
47 0.5343424677848816 0.29562103748321533 0.10515224933624268 0.20636464655399323 
47 0.20047974586486816 0.37894347310066223 0.16399341821670532 0.4139537215232849 
22 0.20042268931865692 0.3818364143371582 0.16503754258155823 0.41986215114593506 
29 0.5325853228569031 0.29471349716186523 0.10429081320762634 0.2036755234003067 
7 0.5347151756286621 0.30260810256004333 0.10438907146453857 0.1942088007926941 
29 0.3683810830116272 0.6896756887435913 0.2933605909347534 0.3276630640029907 
