19 0.500164270401001 0.40368467569351196 0.9996713995933533 0.8045983910560608 
19 0.50010085105896 0.4052519202232361 0.9992711544036865 0.8069537878036499 
29 0.5455200672149658 0.5858607292175293 0.7882033586502075 0.4494520425796509 
29 0.5453649759292603 0.5848934054374695 0.7892345190048218 0.45195472240448 
29 0.544136106967926 0.5850809812545776 0.7898741960525513 0.45059895515441895 
29 0.5423439741134644 0.5858785510063171 0.7741231918334961 0.44674983620643616 
29 0.5410699844360352 0.5853245854377747 0.7703927755355835 0.44940057396888733 
19 0.5452768802642822 0.584709644317627 0.767746090888977 0.4453752040863037 
19 0.5413618683815002 0.5832898616790771 0.7693997621536255 0.44474542140960693 
7 0.5427364110946655 0.5843915939331055 0.7898768186569214 0.4534400701522827 
