29 0.3492765724658966 0.47482597827911377 0.6965128183364868 0.7009039521217346 
19 0.795587420463562 0.6224727034568787 0.4021238088607788 0.6555407047271729 
19 0.7964038252830505 0.6255822777748108 0.40167152881622314 0.6512620449066162 
29 0.4998241364955902 0.5832268595695496 0.9915388822555542 0.7462500333786011 
19 0.3519090414047241 0.4802089333534241 0.7038180828094482 0.7226585149765015 
19 0.34736180305480957 0.4766547679901123 0.6947236061096191 0.7041711807250977 
29 0.34605905413627625 0.478716105222702 0.6921181082725525 0.70319664478302 
29 0.34783264994621277 0.4782421290874481 0.6951197385787964 0.7021331191062927 
29 0.35077565908432007 0.4664537310600281 0.699784517288208 0.6937218904495239 
29 0.7857028841972351 0.6222361326217651 0.4254796504974365 0.6845988035202026 
