19 0.5097320675849915 0.5008851289749146 0.756340503692627 0.9462240934371948 
7 0.5001760721206665 0.5042458772659302 0.9996477961540222 0.9356958866119385 
19 0.5109391212463379 0.5031695365905762 0.7525584101676941 0.9407464265823364 
19 0.5105547904968262 0.5000145435333252 0.7491700649261475 0.9382480382919312 
29 0.5109851360321045 0.5012940764427185 0.7465627193450928 0.939984917640686 
29 0.5197216868400574 0.5000678300857544 0.7298882007598877 0.9409799575805664 
29 0.5214232802391052 0.4993382394313812 0.7329119443893433 0.9339859485626221 
19 0.516015887260437 0.4996718466281891 0.7289879322052002 0.9391745924949646 
19 0.517401933670044 0.498367041349411 0.7359516620635986 0.9402722120285034 
29 0.5107971429824829 0.5014657378196716 0.7481850385665894 0.9419715404510498 
