47 0.4684355556964874 0.6928179860115051 0.7857283353805542 0.6140615940093994 
47 0.5000126361846924 0.6953713297843933 0.9998135566711426 0.6091936826705933 
20 0.45995381474494934 0.6950559020042419 0.7632426023483276 0.6045854091644287 
19 0.46108970046043396 0.6929600834846497 0.7661451101303101 0.6131225824356079 
30 0.13220027089118958 0.8291212916374207 0.1681927740573883 0.2291182279586792 
47 0.4681428074836731 0.6921588182449341 0.7838466167449951 0.6156823635101318 
30 0.4676194190979004 0.6917206048965454 0.7804220914840698 0.616558849811554 
47 0.46717315912246704 0.6928034424781799 0.7786511182785034 0.6133850812911987 
7 0.13657733798027039 0.8303699493408203 0.16888585686683655 0.23190832138061523 
47 0.13789290189743042 0.8301436305046082 0.1712014079093933 0.23274409770965576 
