21 0.24603493511676788 0.5374001264572144 0.4623878598213196 0.914680004119873 
20 0.24662552773952484 0.536484956741333 0.45870429277420044 0.9125603437423706 
29 0.24411697685718536 0.5315610766410828 0.4762549102306366 0.9286117553710938 
19 0.24797244369983673 0.5374176502227783 0.4582233130931854 0.9143279790878296 
47 0.24602161347866058 0.5377534627914429 0.45737287402153015 0.9120956659317017 
30 0.24882490932941437 0.5375103950500488 0.4584773778915405 0.91356360912323 
29 0.2488541156053543 0.5365526676177979 0.4581133723258972 0.9143003225326538 
30 0.24881236255168915 0.5370959043502808 0.4571331739425659 0.913488507270813 
20 0.2675533890724182 0.5370314121246338 0.49538034200668335 0.9114702939987183 
30 0.24637620151042938 0.3148256540298462 0.1993217170238495 0.4603212773799896 
