47 0.4387204647064209 0.6252176761627197 0.11085617542266846 0.5434908866882324 
47 0.6479796171188354 0.6334289312362671 0.10892689228057861 0.4923667907714844 
47 0.2794729173183441 0.6921072602272034 0.2661207318305969 0.603859543800354 
19 0.058536019176244736 0.6011890172958374 0.11494652181863785 0.2057497799396515 
47 0.5342738032341003 0.6565420031547546 0.13735687732696533 0.6124460697174072 
47 0.4015967845916748 0.6628618836402893 0.16956138610839844 0.48982512950897217 
47 0.5362986326217651 0.6567105650901794 0.13857996463775635 0.61320960521698 
47 0.5363180041313171 0.6574175953865051 0.1383519172668457 0.6142240762710571 
39 0.27859216928482056 0.6910791993141174 0.2719360589981079 0.6061086654663086 
47 0.3851243853569031 0.6282485723495483 0.19751062989234924 0.5517368316650391 
