30 0.2906101644039154 0.4245341122150421 0.5758426189422607 0.527148425579071 
30 0.34529149532318115 0.5741184949874878 0.6796716451644897 0.46431660652160645 
30 0.45460599660873413 0.5187908411026001 0.24084854125976562 0.3386484384536743 
30 0.1180148646235466 0.39362284541130066 0.23366637527942657 0.5004816055297852 
19 0.4590056836605072 0.5165034532546997 0.2471814751625061 0.3539877235889435 
30 0.12023360282182693 0.3978937566280365 0.2381313145160675 0.500278115272522 
30 0.11724887043237686 0.398185670375824 0.23115111887454987 0.48283252120018005 
28 0.4541749656200409 0.5194486379623413 0.23770087957382202 0.33686673641204834 
19 0.12242845445871353 0.3898583650588989 0.23879170417785645 0.4963524341583252 
30 0.4584355652332306 0.5167000889778137 0.24350076913833618 0.3544079065322876 
