30 0.46874794363975525 0.47455763816833496 0.7201597690582275 0.47450000047683716 
29 0.4595749080181122 0.4759201407432556 0.7360811233520508 0.47743475437164307 
19 0.30205583572387695 0.45428305864334106 0.418702632188797 0.5185961723327637 
37 0.4684055745601654 0.5079665780067444 0.7167052626609802 0.38989272713661194 
37 0.30147671699523926 0.5020391345024109 0.4246169328689575 0.433115154504776 
19 0.30041414499282837 0.45547056198120117 0.4267008304595947 0.5259599685668945 
29 0.5704684257507324 0.454386830329895 0.13630449771881104 0.43156707286834717 
19 0.5700991749763489 0.44853729009628296 0.1432056427001953 0.43327051401138306 
30 0.5711198449134827 0.45309752225875854 0.13523054122924805 0.4315105080604553 
19 0.29615265130996704 0.5023470520973206 0.42463546991348267 0.4325176477432251 
