19 0.5002954006195068 0.5567317008972168 0.9790364503860474 0.5698574781417847 
19 0.4993477761745453 0.5573170185089111 0.9864113926887512 0.5524804592132568 
30 0.5007193088531494 0.558167576789856 0.9780982732772827 0.568958044052124 
19 0.5018869638442993 0.5556923747062683 0.9847333431243896 0.5699570178985596 
30 0.5001366138458252 0.558647871017456 0.977713942527771 0.5607476234436035 
29 0.5001986026763916 0.5568450689315796 0.9776079654693604 0.56770920753479 
29 0.49826475977897644 0.556185245513916 0.9818803071975708 0.5430629253387451 
19 0.4999340772628784 0.5566899180412292 0.9815447330474854 0.5742402076721191 
42 0.17065051198005676 0.4419153034687042 0.19008126854896545 0.32545024156570435 
30 0.4996579885482788 0.5576550364494324 0.9818286895751953 0.5676922798156738 
