19 0.46236878633499146 0.49862992763519287 0.7746844291687012 0.9972598552703857 
19 0.7006229162216187 0.2754230797290802 0.060233473777770996 0.1923944354057312 
47 0.07017569243907928 0.2870737612247467 0.07284867763519287 0.12476527690887451 
19 0.5177439451217651 0.6009118556976318 0.6688047647476196 0.794654369354248 
39 0.5174384117126465 0.600425124168396 0.6733194589614868 0.7956465482711792 
19 0.5173813104629517 0.599913477897644 0.6681128740310669 0.7944157123565674 
7 0.5172033309936523 0.6001710891723633 0.666048526763916 0.7957154512405396 
19 0.07647848129272461 0.28497686982154846 0.051268428564071655 0.12370361387729645 
19 0.5195152759552002 0.6002490520477295 0.6696642637252808 0.7959372997283936 
30 0.18869507312774658 0.34618908166885376 0.21066761016845703 0.6923781633377075 
