47 0.37541139125823975 0.7039471864700317 0.0639849603176117 0.15834003686904907 
37 0.3747502863407135 0.7049893140792847 0.05898594856262207 0.15545767545700073 
37 0.2634395956993103 0.7253868579864502 0.07973098754882812 0.1789732575416565 
37 0.1305936723947525 0.842657744884491 0.16339704394340515 0.3024481534957886 
47 0.3463085889816284 0.7013906240463257 0.08791676163673401 0.15002727508544922 
30 0.2294936627149582 0.8209130167961121 0.4589873254299164 0.3475595712661743 
37 0.12989532947540283 0.8427099585533142 0.16678333282470703 0.3056854009628296 
37 0.13031069934368134 0.8435612320899963 0.16108444333076477 0.30012810230255127 
30 0.2872084975242615 0.7113650441169739 0.0717526376247406 0.159551739692688 
30 0.13065475225448608 0.8441466093063354 0.1602601408958435 0.3003787398338318 
