19 0.825880765914917 0.5532525181770325 0.1840342879295349 0.47771719098091125 
20 0.8230369091033936 0.5516988039016724 0.1887216567993164 0.4799225330352783 
19 0.8202760219573975 0.5466458201408386 0.16745984554290771 0.4693969488143921 
19 0.8191525340080261 0.5477411150932312 0.161995530128479 0.46696504950523376 
29 0.815744936466217 0.547017514705658 0.17097949981689453 0.47202834486961365 
19 0.8251427412033081 0.5527637600898743 0.18824142217636108 0.4818662405014038 
20 0.8195865750312805 0.5456857681274414 0.16838037967681885 0.4685087203979492 
19 0.8176421523094177 0.545668363571167 0.1658409833908081 0.4665416479110718 
49 0.8121891021728516 0.5459871292114258 0.16088056564331055 0.4586245119571686 
49 0.8185623288154602 0.5462842583656311 0.16525554656982422 0.4676734209060669 
