20 0.5403796434402466 0.481763631105423 0.3698146343231201 0.6257869005203247 
47 0.541168749332428 0.48022574186325073 0.37100160121917725 0.6265875101089478 
47 0.5408720970153809 0.46701234579086304 0.3695676326751709 0.6537008285522461 
47 0.539627730846405 0.48221495747566223 0.36614441871643066 0.6222637295722961 
30 0.5410621166229248 0.48155608773231506 0.3686007261276245 0.6229164004325867 
47 0.5427231788635254 0.4801218807697296 0.36781632900238037 0.6205314993858337 
47 0.5423222780227661 0.48301801085472107 0.37321779131889343 0.6260174512863159 
21 0.5823332071304321 0.46301519870758057 0.28438305854797363 0.11488151550292969 
20 0.5422368049621582 0.48179587721824646 0.37253570556640625 0.624828040599823 
30 0.5416005253791809 0.48280349373817444 0.370763897895813 0.6245249509811401 
