19 0.2895238399505615 0.5159472227096558 0.30224597454071045 0.9435850381851196 
19 0.28809016942977905 0.5187732577323914 0.29590916633605957 0.941123366355896 
19 0.9096461534500122 0.5014363527297974 0.18070775270462036 0.9900579452514648 
19 0.284060537815094 0.6173696517944336 0.2969675064086914 0.7583913803100586 
37 0.28781184554100037 0.6170096397399902 0.29407644271850586 0.7568399906158447 
19 0.2879132628440857 0.6045417189598083 0.3089457154273987 0.7662514448165894 
47 0.2841678857803345 0.6160303950309753 0.29593414068222046 0.7601102590560913 
47 0.25348687171936035 0.32457563281059265 0.1639496088027954 0.5574953556060791 
30 0.2893131375312805 0.6045618057250977 0.3041132092475891 0.7658987045288086 
29 0.2566002309322357 0.09836208820343018 0.06738781929016113 0.11503274738788605 
