45 0.5002203583717346 0.6613408327102661 0.9987004995346069 0.6658167839050293 
28 0.3963810205459595 0.5144650936126709 0.2126573622226715 0.3082841634750366 
20 0.5002419948577881 0.5993818640708923 0.9987094402313232 0.7876826524734497 
28 0.3373384177684784 0.49758338928222656 0.1218227744102478 0.33912113308906555 
28 0.5003098845481873 0.6622452735900879 0.9991666078567505 0.6667781472206116 
10 0.47982391715049744 0.5162043571472168 0.10944169759750366 0.31251952052116394 
28 0.3377378284931183 0.49780845642089844 0.12005090713500977 0.339400976896286 
28 0.48053276538848877 0.5149979591369629 0.10557582974433899 0.30849528312683105 
10 0.5002978444099426 0.5991294384002686 0.9984625577926636 0.7918106317520142 
10 0.5002462863922119 0.5914185047149658 0.9985547065734863 0.8095755577087402 
