19 0.587562084197998 0.491824746131897 0.7140852212905884 0.8717708587646484 
30 0.5882401466369629 0.49304795265197754 0.7148076295852661 0.8701260685920715 
37 0.581974983215332 0.5218815803527832 0.6851813793182373 0.8215118646621704 
19 0.5861855149269104 0.5212476849555969 0.7243967056274414 0.8279294967651367 
47 0.5844175219535828 0.5228204727172852 0.6840997934341431 0.8202285766601562 
30 0.5311506390571594 0.29273343086242676 0.23013615608215332 0.4669632613658905 
30 0.5880303382873535 0.5203204154968262 0.7117167711257935 0.8228116035461426 
29 0.5263956785202026 0.11724424362182617 0.07196557521820068 0.1157170832157135 
19 0.5295949578285217 0.2921265959739685 0.23877263069152832 0.46880045533180237 
30 0.5359370708465576 0.28947877883911133 0.22673657536506653 0.46693575382232666 
