19 0.6172628402709961 0.5232855081558228 0.7654742002487183 0.9499976634979248 
7 0.5655925273895264 0.35977450013160706 0.22509565949440002 0.7064868807792664 
29 0.12833672761917114 0.690322995185852 0.2566734552383423 0.6178959608078003 
19 0.5421099066734314 0.36516833305358887 0.7465237379074097 0.7303366661071777 
28 0.38979536294937134 0.5212464332580566 0.30512988567352295 0.9467263221740723 
13 0.1289530247449875 0.6890188455581665 0.257906049489975 0.6204923391342163 
19 0.5661032199859619 0.3653590977191925 0.24580860137939453 0.730718195438385 
19 0.3941532373428345 0.5208156108856201 0.32016903162002563 0.9515384435653687 
24 0.3922499418258667 0.5206403732299805 0.31100228428840637 0.953545331954956 
19 0.4673064947128296 0.5015369653701782 0.4515146017074585 0.9915362596511841 
