47 0.1862841099500656 0.539219319820404 0.2506808936595917 0.9105714559555054 
47 0.6049149632453918 0.5732532739639282 0.6110284328460693 0.8450452089309692 
19 0.5951521396636963 0.5733292102813721 0.6075676083564758 0.8440134525299072 
19 0.592009425163269 0.5742000341415405 0.6099154949188232 0.844935417175293 
47 0.5929661393165588 0.5751715898513794 0.6106805801391602 0.8438668251037598 
19 0.43608102202415466 0.32171720266342163 0.19641321897506714 0.3368784785270691 
30 0.5918034315109253 0.5734500288963318 0.6088078022003174 0.8421258926391602 
19 0.18377748131752014 0.5424404144287109 0.2451869249343872 0.9080462455749512 
49 0.5936821103096008 0.5733835101127625 0.6146997213363647 0.8465772867202759 
19 0.1759740561246872 0.5399960279464722 0.25130200386047363 0.9147142171859741 
