19 0.49158725142478943 0.468492329120636 0.9557571411132812 0.9120192527770996 
19 0.5002667903900146 0.501613974571228 0.9967771768569946 0.9712177515029907 
30 0.4913720488548279 0.4629242718219757 0.9598303437232971 0.9062013626098633 
19 0.48758289217948914 0.4786030948162079 0.9569558501243591 0.9135355949401855 
34 0.48584187030792236 0.4764910638332367 0.956201434135437 0.9250470399856567 
19 0.49192312359809875 0.46806374192237854 0.9581758975982666 0.9121781587600708 
30 0.39862534403800964 0.15789386630058289 0.06531190872192383 0.31286585330963135 
30 0.48281392455101013 0.47603556513786316 0.9572964906692505 0.9205712080001831 
19 0.4836524724960327 0.4771193861961365 0.9552954435348511 0.9245477914810181 
30 0.4914657175540924 0.465590238571167 0.9585474133491516 0.9088807106018066 
