34 0.5006988644599915 0.5031055212020874 0.9964836835861206 0.9610862731933594 
30 0.5450206398963928 0.5211484432220459 0.8581910133361816 0.9330289363861084 
19 0.5544376373291016 0.5133401155471802 0.8654239177703857 0.9396322965621948 
19 0.5428954362869263 0.5205591320991516 0.864141583442688 0.9370808601379395 
34 0.5496180057525635 0.5207788348197937 0.8746848702430725 0.9385582208633423 
30 0.5006368160247803 0.49983954429626465 0.9967344999313354 0.9713796377182007 
30 0.5471116900444031 0.5180059671401978 0.8489557504653931 0.9463566541671753 
34 0.5428040027618408 0.5177905559539795 0.8590508699417114 0.9426170587539673 
19 0.5431457757949829 0.5174642205238342 0.8638430833816528 0.9477444887161255 
19 0.2683747410774231 0.49696049094200134 0.5296735167503357 0.950404703617096 
