30 0.5720069408416748 0.4835506081581116 0.6291595697402954 0.635664701461792 
30 0.5759478807449341 0.4817221760749817 0.6195521354675293 0.6292682886123657 
0 0.5005391836166382 0.4985610842704773 0.9989217519760132 0.9971221685409546 
28 0.5005911588668823 0.4989683926105499 0.9987949132919312 0.9979367852210999 
28 0.5717028379440308 0.4843166172504425 0.6258913278579712 0.6343606114387512 
42 0.5004931688308716 0.4986304044723511 0.9990136623382568 0.9972608089447021 
49 0.5179146528244019 0.5446897745132446 0.7334794998168945 0.7545903921127319 
0 0.4983869194984436 0.4369206428527832 0.7732197046279907 0.7380552291870117 
28 0.5197611451148987 0.5428153276443481 0.7273364067077637 0.7548109889030457 
30 0.49963465332984924 0.4345303475856781 0.7723724246025085 0.7407875657081604 
