30 0.5005934238433838 0.49987730383872986 0.9988131523132324 0.9978875517845154 
30 0.5004206895828247 0.49876484274864197 0.999158501625061 0.9972484707832336 
30 0.6053376197814941 0.349524587392807 0.29702088236808777 0.16758674383163452 
49 0.6060247421264648 0.5595468878746033 0.29259800910949707 0.8798116445541382 
30 0.6019032001495361 0.5625768899917603 0.28667163848876953 0.8686398267745972 
7 0.5004220008850098 0.4988666772842407 0.9991559982299805 0.9977333545684814 
30 0.6054444313049316 0.5651267766952515 0.2797369658946991 0.8573591709136963 
30 0.500544548034668 0.49986669421195984 0.9989109039306641 0.9988982677459717 
19 0.599687933921814 0.635222852230072 0.2840806245803833 0.7236301898956299 
30 0.6001983284950256 0.55817049741745 0.28483152389526367 0.8773444890975952 
