30 0.3244618773460388 0.5922070741653442 0.6489237546920776 0.4759964942932129 
30 0.39193907380104065 0.6500698328018188 0.5346562266349792 0.3625575602054596 
42 0.39087072014808655 0.6487782001495361 0.5325086116790771 0.3704184293746948 
19 0.38864341378211975 0.6521166563034058 0.5373057723045349 0.37112104892730713 
30 0.5583994388580322 0.6776066422462463 0.8697738647460938 0.4255653917789459 
29 0.5621010065078735 0.6798588037490845 0.8757980465888977 0.422910213470459 
7 0.5605218410491943 0.6708140969276428 0.8789563179016113 0.41143783926963806 
28 0.3912437856197357 0.6491358876228333 0.5228053331375122 0.36256933212280273 
30 0.6018122434616089 0.489580363035202 0.7963755130767822 0.8005553483963013 
19 0.5003761053085327 0.625381588935852 0.9992478489875793 0.5379526615142822 
