30 0.791411280632019 0.530258297920227 0.14954817295074463 0.41317081451416016 
47 0.6723513603210449 0.3632551431655884 0.20534920692443848 0.2563369870185852 
47 0.7953630089759827 0.6370134353637695 0.40846705436706543 0.7187182307243347 
47 0.7911103367805481 0.3675133287906647 0.0678333044052124 0.07387703657150269 
30 0.7848894000053406 0.5300799012184143 0.14705049991607666 0.4161536693572998 
39 0.7870264649391174 0.5305187702178955 0.1476062536239624 0.4185772240161896 
15 0.6343169808387756 0.5022825002670288 0.2696111500263214 0.514197587966919 
30 0.6003557443618774 0.2603263258934021 0.35455673933029175 0.5206526517868042 
30 0.7845808267593384 0.5296226739883423 0.1503009796142578 0.41662847995758057 
30 0.413592666387558 0.6114768981933594 0.7133452892303467 0.7472606301307678 
