30 0.3930337727069855 0.6708285808563232 0.7819884419441223 0.6505526304244995 
47 0.7573280930519104 0.20988023281097412 0.3882242441177368 0.29567235708236694 
47 0.2231726050376892 0.42631015181541443 0.16070711612701416 0.2790209650993347 
10 0.3179938495159149 0.6405916213989258 0.6359876990318298 0.7096874713897705 
30 0.7651780843734741 0.6698163747787476 0.46964383125305176 0.647049069404602 
30 0.12580306828022003 0.46329912543296814 0.08460521697998047 0.3407338261604309 
47 0.26248517632484436 0.4219677746295929 0.0764847993850708 0.2718326449394226 
10 0.7140802145004272 0.6320939064025879 0.13730597496032715 0.573267936706543 
47 0.12682898342609406 0.4617663323879242 0.08454754948616028 0.3402394652366638 
30 0.26338693499565125 0.4229813814163208 0.07645231485366821 0.27213728427886963 
