19 0.6610605120658875 0.5827358961105347 0.6778789758682251 0.8339970111846924 
19 0.5907370448112488 0.5838674306869507 0.5052666664123535 0.8160715103149414 
19 0.5925037860870361 0.585940957069397 0.5021936893463135 0.8171051740646362 
29 0.5903433561325073 0.5856224894523621 0.5036876201629639 0.8142474889755249 
29 0.21315735578536987 0.4975692927837372 0.42631471157073975 0.9942834377288818 
29 0.6602975130081177 0.5845190286636353 0.6794049739837646 0.8305076360702515 
29 0.592036247253418 0.5828725695610046 0.5013060569763184 0.8155709505081177 
19 0.6597384214401245 0.5821220278739929 0.6805232763290405 0.8317716121673584 
49 0.6012278199195862 0.5906234979629517 0.4943702220916748 0.8158541917800903 
19 0.6000342965126038 0.589146077632904 0.4988981783390045 0.8171529769897461 
