42 0.5003558397293091 0.49965137243270874 0.9992882013320923 0.9988043308258057 
30 0.5007013082504272 0.4152730107307434 0.9902037382125854 0.8180023431777954 
30 0.5097328424453735 0.45636895298957825 0.9700603485107422 0.6945160627365112 
30 0.5004279613494873 0.4993712604045868 0.9991440773010254 0.9987425208091736 
30 0.5096495151519775 0.45603200793266296 0.9706840515136719 0.691861629486084 
30 0.5041015148162842 0.41829976439476013 0.985161542892456 0.8115866780281067 
30 0.5003383159637451 0.4996073842048645 0.9993233680725098 0.9979914426803589 
0 0.5089799761772156 0.4564529359340668 0.9735437631607056 0.6880717873573303 
30 0.5092803239822388 0.4574280083179474 0.976599931716919 0.7000008821487427 
30 0.5003794431686401 0.4989488124847412 0.9992411136627197 0.9974443912506104 
