20 0.6168206930160522 0.400479793548584 0.25112566351890564 0.2326931655406952 
47 0.4068259596824646 0.5727990865707397 0.20321762561798096 0.5660219192504883 
47 0.5188723206520081 0.1615472137928009 0.0821688175201416 0.13522037863731384 
47 0.4069110155105591 0.5730654001235962 0.2045811414718628 0.5683658123016357 
47 0.4069938659667969 0.5739670991897583 0.20457586646080017 0.5702676773071289 
19 0.4055083394050598 0.5748686790466309 0.20392334461212158 0.5697547197341919 
18 0.4068417549133301 0.5726305842399597 0.20701813697814941 0.5722054243087769 
20 0.4064687490463257 0.5742082595825195 0.20746079087257385 0.5704349279403687 
47 0.04057236388325691 0.15360593795776367 0.07868696749210358 0.13383930921554565 
47 0.40695226192474365 0.5777003169059753 0.20659172534942627 0.5801056623458862 
