45 0.500031590461731 0.6904438734054565 0.9990205764770508 0.6113784313201904 
20 0.5000244379043579 0.6796960234642029 0.9990105628967285 0.6324232816696167 
49 0.43921977281570435 0.5212060213088989 0.49194684624671936 0.31827494502067566 
10 0.4378800392150879 0.5200215578079224 0.491835355758667 0.319568395614624 
45 0.5000537633895874 0.6777175664901733 0.9991220235824585 0.6352365016937256 
49 0.43952852487564087 0.5416496992111206 0.4782424867153168 0.31664931774139404 
45 0.42100149393081665 0.5195252299308777 0.10409694910049438 0.3178997039794922 
19 0.439062237739563 0.5403667688369751 0.4871751070022583 0.31019723415374756 
47 0.4373502731323242 0.5285958647727966 0.4951061010360718 0.33074653148651123 
49 0.5345669984817505 0.5424408316612244 0.12100014090538025 0.30775418877601624 
