30 0.554380476474762 0.579807460308075 0.1815851926803589 0.8396501541137695 
19 0.5002480149269104 0.5734188556671143 0.9983783960342407 0.8445497751235962 
19 0.5003342032432556 0.5791443586349487 0.9991650581359863 0.8408212661743164 
47 0.554595410823822 0.5758651494979858 0.17925262451171875 0.8348450660705566 
47 0.5530191659927368 0.5809222459793091 0.1762986183166504 0.8381555080413818 
47 0.5541807413101196 0.5790890455245972 0.18112832307815552 0.8418219685554504 
21 0.5544182658195496 0.5789679288864136 0.1812554895877838 0.8409038782119751 
30 0.5542442202568054 0.5792930722236633 0.18056604266166687 0.8414138555526733 
29 0.5524401664733887 0.5805317759513855 0.17818057537078857 0.838936448097229 
20 0.553932249546051 0.5800961256027222 0.1781223714351654 0.8398078680038452 
