30 0.49984827637672424 0.622671365737915 0.9995690584182739 0.7505004405975342 
47 0.5450145602226257 0.5438311100006104 0.37245023250579834 0.5902786254882812 
47 0.4071044325828552 0.5724970102310181 0.6377652287483215 0.5539776086807251 
47 0.4998071789741516 0.6472322940826416 0.9996143579483032 0.6993539929389954 
10 0.15944182872772217 0.5737510919570923 0.14160579442977905 0.5527822971343994 
30 0.5012762546539307 0.545031726360321 0.18405556678771973 0.5956231355667114 
47 0.16003377735614777 0.5734325647354126 0.14393329620361328 0.5545755624771118 
10 0.49979519844055176 0.5450496077537537 0.18175330758094788 0.5939844846725464 
10 0.5021807551383972 0.543769359588623 0.18356671929359436 0.6001476049423218 
19 0.548365592956543 0.5447021722793579 0.3670154809951782 0.5995043516159058 
