30 0.2102721929550171 0.4199589490890503 0.4205443859100342 0.3420529365539551 
30 0.20800384879112244 0.407429575920105 0.4160076975822449 0.37626028060913086 
30 0.7705906629562378 0.4846903085708618 0.45881861448287964 0.3465307950973511 
19 0.770914614200592 0.4868766963481903 0.4576643705368042 0.3421240448951721 
30 0.7682192325592041 0.48859935998916626 0.45520949363708496 0.34546908736228943 
30 0.7678601741790771 0.48847171664237976 0.45861148834228516 0.34870582818984985 
30 0.7638095021247864 0.5893012285232544 0.47238099575042725 0.5426428318023682 
19 0.49219098687171936 0.45022961497306824 0.2637292742729187 0.5212394595146179 
30 0.20618578791618347 0.41581636667251587 0.41237157583236694 0.3590949773788452 
28 0.49351051449775696 0.4506886303424835 0.26000088453292847 0.5158665776252747 
