19 0.4412667453289032 0.801807165145874 0.2823699116706848 0.39592450857162476 
29 0.44180214405059814 0.8046213984489441 0.2579362690448761 0.38630449771881104 
29 0.9262343645095825 0.34495386481285095 0.14753127098083496 0.6899077296257019 
29 0.44278621673583984 0.8071026802062988 0.2818143367767334 0.3836350440979004 
30 0.9294171333312988 0.3428873121738434 0.14116573333740234 0.6857746243476868 
19 0.9254640340805054 0.3414909243583679 0.14907193183898926 0.6829818487167358 
30 0.5394887924194336 0.34070441126823425 0.6480726003646851 0.6814088225364685 
29 0.5374981164932251 0.3427959084510803 0.6476801633834839 0.6855918169021606 
19 0.4427456855773926 0.8034721612930298 0.26322925090789795 0.38711118698120117 
21 0.4432823657989502 0.80483078956604 0.28726765513420105 0.3903384208679199 
