19 0.5420327186584473 0.592419445514679 0.9081290364265442 0.8027164936065674 
19 0.5461755990982056 0.591457724571228 0.9076488614082336 0.8115612268447876 
19 0.5458649396896362 0.5918408632278442 0.9020285606384277 0.8061548471450806 
19 0.5515128374099731 0.5903865098953247 0.8969742655754089 0.8141220808029175 
19 0.5503320693969727 0.5899398922920227 0.8962705731391907 0.8136881589889526 
19 0.27215051651000977 0.48490655422210693 0.33384543657302856 0.6050951480865479 
29 0.5449424982070923 0.590383768081665 0.910115122795105 0.8099627494812012 
30 0.550052285194397 0.5884917378425598 0.8947956562042236 0.8116356134414673 
29 0.545504093170166 0.5880017280578613 0.9052934646606445 0.8119430541992188 
29 0.5497254133224487 0.5906336307525635 0.9003459215164185 0.8116903305053711 
