19 0.18934988975524902 0.32206153869628906 0.37869977951049805 0.26168113946914673 
19 0.5003004670143127 0.5675860643386841 0.9993990659713745 0.8417819738388062 
19 0.48744824528694153 0.5635204315185547 0.4131314158439636 0.8469083309173584 
19 0.48289263248443604 0.5726990699768066 0.4079420566558838 0.8450673818588257 
7 0.4826119542121887 0.5720665454864502 0.40214046835899353 0.8460758924484253 
19 0.5235439538955688 0.5311679244041443 0.3174189329147339 0.7431600093841553 
19 0.4826471209526062 0.5720586776733398 0.40609273314476013 0.8461370468139648 
29 0.48684442043304443 0.5645843744277954 0.41480720043182373 0.848656177520752 
29 0.4830537438392639 0.5714592337608337 0.4089618921279907 0.8449862003326416 
29 0.48247861862182617 0.570003867149353 0.4056062698364258 0.8502920269966125 
