19 0.3655969500541687 0.5837307572364807 0.7311939001083374 0.8218041658401489 
19 0.365309476852417 0.498354971408844 0.730618953704834 0.9916518926620483 
47 0.477125346660614 0.49819058179855347 0.2708466947078705 0.9948270916938782 
47 0.47197768092155457 0.5898732542991638 0.919815182685852 0.8091281652450562 
19 0.36816897988319397 0.575593113899231 0.7363379597663879 0.836143970489502 
49 0.363960325717926 0.5828803181648254 0.727920651435852 0.8242040872573853 
30 0.36462461948394775 0.582740306854248 0.7292492389678955 0.8255590200424194 
19 0.47655656933784485 0.49867817759513855 0.265544593334198 0.9942671060562134 
30 0.4981556832790375 0.08863533288240433 0.13499373197555542 0.17727066576480865 
19 0.47667086124420166 0.4985036551952362 0.2599751651287079 0.9925812482833862 
