19 0.5007384419441223 0.5832750797271729 0.9951303005218506 0.49079063534736633 
19 0.5243978500366211 0.4893326461315155 0.3123244047164917 0.3051682114601135 
30 0.5244576334953308 0.4914591312408447 0.31031668186187744 0.3121500313282013 
19 0.5745660066604614 0.5661039352416992 0.40978679060935974 0.4576566219329834 
29 0.5002415180206299 0.33288896083831787 0.999517023563385 0.6193201541900635 
19 0.5249813795089722 0.4872950613498688 0.31558430194854736 0.30341941118240356 
42 0.5244591236114502 0.4884672462940216 0.3068338632583618 0.29930251836776733 
47 0.5251501798629761 0.4896760880947113 0.31291866302490234 0.30617910623550415 
37 0.5244097113609314 0.4899642765522003 0.31042420864105225 0.3039446473121643 
7 0.5234323143959045 0.4896811246871948 0.31277409195899963 0.31312039494514465 
