30 0.7260904312133789 0.5028204917907715 0.33219408988952637 0.9582947492599487 
37 0.7282968759536743 0.5034775733947754 0.32943129539489746 0.9521833658218384 
47 0.7330032587051392 0.6209929585456848 0.3071098327636719 0.7391712665557861 
47 0.7107524871826172 0.35787108540534973 0.3052799701690674 0.661585807800293 
29 0.7375251650810242 0.6219775676727295 0.29970884323120117 0.7398991584777832 
30 0.7174137234687805 0.3554571270942688 0.3212946653366089 0.6601409912109375 
19 0.7452325820922852 0.6099832057952881 0.2970846891403198 0.7387627363204956 
47 0.7338786125183105 0.0940409004688263 0.14558422565460205 0.13391947746276855 
29 0.7159559726715088 0.3547605574131012 0.3162115812301636 0.6599539518356323 
47 0.7156195044517517 0.35387280583381653 0.31843888759613037 0.6584960222244263 
