47 0.3184843957424164 0.586702823638916 0.6349130868911743 0.47736668586730957 
47 0.43959543108940125 0.5909273624420166 0.7248591780662537 0.47982633113861084 
20 0.43923428654670715 0.5900967121124268 0.7228239178657532 0.47503089904785156 
7 0.4389994740486145 0.6565271019935608 0.7428953647613525 0.3564351797103882 
30 0.5107836723327637 0.5866483449935913 0.24870964884757996 0.4900425672531128 
47 0.43426236510276794 0.6581710577011108 0.7321305274963379 0.3515735864639282 
30 0.5098476409912109 0.587287425994873 0.24545621871948242 0.4869232177734375 
30 0.5111172795295715 0.5862219333648682 0.239343523979187 0.4699956178665161 
7 0.5073003768920898 0.38873371481895447 0.10432901978492737 0.07751989364624023 
20 0.511640191078186 0.5874872207641602 0.2429647147655487 0.4690985679626465 
