19 0.5006704330444336 0.5290824174880981 0.9970287084579468 0.8102771043777466 
30 0.5008068084716797 0.5326970815658569 0.9983863830566406 0.882431149482727 
19 0.4040309190750122 0.5167210102081299 0.23329392075538635 0.5573338270187378 
7 0.3654472827911377 0.5352846384048462 0.31438207626342773 0.5984510183334351 
42 0.5011710524559021 0.5421130657196045 0.9964191913604736 0.8656415939331055 
37 0.40336036682128906 0.5152588486671448 0.2320861518383026 0.5586203336715698 
19 0.4038454294204712 0.5164216756820679 0.23055186867713928 0.5577435493469238 
19 0.6431297063827515 0.4936786890029907 0.7137404680252075 0.6613287925720215 
29 0.42767712473869324 0.2893112003803253 0.0601198673248291 0.11161641776561737 
19 0.4036337733268738 0.5138235688209534 0.2345583438873291 0.5702304840087891 
