30 0.5041050910949707 0.6167601346969604 0.9855908155441284 0.6781904101371765 
30 0.5025608539581299 0.5604383945465088 0.9948782920837402 0.5673072338104248 
19 0.5003043413162231 0.5620274543762207 0.9912880659103394 0.5692360401153564 
19 0.5003598928451538 0.4979991614818573 0.9992800951004028 0.9959983229637146 
42 0.500300407409668 0.6581320762634277 0.9993991851806641 0.6705582141876221 
30 0.5019129514694214 0.5610817074775696 0.9883230924606323 0.5651261806488037 
19 0.5054453611373901 0.5568885803222656 0.9858725070953369 0.5469746589660645 
29 0.506141185760498 0.5577875375747681 0.9831923246383667 0.5503307580947876 
29 0.5040618181228638 0.5630223751068115 0.9866974353790283 0.5681659579277039 
19 0.5008194446563721 0.5619519352912903 0.9915329217910767 0.5653661489486694 
