19 0.48450806736946106 0.5495319366455078 0.8624743819236755 0.6339007616043091 
19 0.4906764328479767 0.5485873222351074 0.8764691352844238 0.6695071458816528 
29 0.4899125397205353 0.5540816187858582 0.8651196956634521 0.6543388366699219 
19 0.49054384231567383 0.5514563322067261 0.8637117147445679 0.6517940759658813 
29 0.48962756991386414 0.5525417327880859 0.8699532151222229 0.6554766893386841 
29 0.48986631631851196 0.5513297319412231 0.8723142147064209 0.6578143835067749 
29 0.4826444685459137 0.5514179468154907 0.8600994348526001 0.632803201675415 
29 0.4841223955154419 0.5505038499832153 0.8627421855926514 0.6306735277175903 
19 0.7987743020057678 0.4032137095928192 0.2331150770187378 0.2930164933204651 
19 0.4838060736656189 0.5501863956451416 0.858146071434021 0.6336495876312256 
