47 0.5013027191162109 0.6226350665092468 0.9910763502120972 0.7442764043807983 
47 0.9289694428443909 0.4742443263530731 0.12594294548034668 0.5387046337127686 
47 0.4949946999549866 0.6789265871047974 0.9899893999099731 0.6285080909729004 
47 0.5011420249938965 0.5952110886573792 0.9946911334991455 0.7972124814987183 
47 0.7461954355239868 0.5914878845214844 0.4966297149658203 0.7708317637443542 
40 0.20064064860343933 0.5823699235916138 0.18998105823993683 0.7701835632324219 
19 0.20114478468894958 0.5821747779846191 0.18798382580280304 0.7705016136169434 
45 0.19947046041488647 0.580558717250824 0.1894940435886383 0.7691717147827148 
30 0.7245151996612549 0.572027862071991 0.1851184368133545 0.6448372602462769 
30 0.927274763584137 0.47530215978622437 0.1250443458557129 0.5369837284088135 
