19 0.25480109453201294 0.3785938322544098 0.2711096405982971 0.546988308429718 
29 0.2543184757232666 0.3770589530467987 0.2622673511505127 0.543933093547821 
19 0.49988123774528503 0.5578652620315552 0.9987768530845642 0.8604161739349365 
29 0.25277018547058105 0.36562660336494446 0.24614036083221436 0.5151773691177368 
29 0.255364328622818 0.3776482939720154 0.26373374462127686 0.5434267520904541 
29 0.2490982860326767 0.36847540736198425 0.2554231882095337 0.5208895802497864 
30 0.5002951622009277 0.5392028093338013 0.9994096159934998 0.877787709236145 
30 0.4998839199542999 0.547980546951294 0.9986036419868469 0.8791207075119019 
22 0.2509298622608185 0.36761027574539185 0.24934154748916626 0.5183652639389038 
22 0.2568683624267578 0.37665897607803345 0.26261746883392334 0.5394564867019653 
