30 0.5007715225219727 0.4990536570549011 0.9984568357467651 0.9981073141098022 
30 0.5006978511810303 0.49868232011795044 0.9982131719589233 0.9973646402359009 
30 0.5003142356872559 0.5004265308380127 0.9991880655288696 0.9991468787193298 
30 0.500622034072876 0.4993482232093811 0.998755931854248 0.9986964464187622 
30 0.500648021697998 0.4990577697753906 0.9987039566040039 0.9981155395507812 
30 0.5006270408630371 0.49897319078445435 0.9985988140106201 0.9979463815689087 
30 0.500646710395813 0.499074250459671 0.9987066388130188 0.998148500919342 
30 0.5006248950958252 0.49929189682006836 0.9985315799713135 0.9985837936401367 
30 0.5006145238876343 0.4991874396800995 0.9987708330154419 0.998374879360199 
49 0.5006548762321472 0.4990457594394684 0.9985394477844238 0.9980915188789368 
