47 0.4998340606689453 0.5049450397491455 0.9996681213378906 0.9793757200241089 
19 0.4521465599536896 0.5058866143226624 0.8899750709533691 0.970928430557251 
19 0.44417625665664673 0.5052165985107422 0.8751705884933472 0.9731115102767944 
47 0.4463020861148834 0.5054349303245544 0.8796820640563965 0.9739853143692017 
19 0.44537353515625 0.5057965517044067 0.8907470703125 0.9792886972427368 
19 0.4405499994754791 0.5056381225585938 0.8810999989509583 0.979555606842041 
39 0.4420543313026428 0.5053541660308838 0.8841086626052856 0.9800325632095337 
29 0.45556166768074036 0.5051539540290833 0.9002242088317871 0.9720757007598877 
29 0.439929336309433 0.5056778192520142 0.8787459135055542 0.9788661003112793 
19 0.44050368666648865 0.5068014860153198 0.8806366324424744 0.9785445928573608 
