19 0.5005367994308472 0.4989687502384186 0.9989262819290161 0.9979375004768372 
30 0.5004574060440063 0.4990037977695465 0.9990853071212769 0.9979498982429504 
30 0.5004839897155762 0.498573899269104 0.9990319013595581 0.997147798538208 
21 0.5004897117614746 0.4989362955093384 0.9990205764770508 0.9978725910186768 
30 0.5004748106002808 0.49859222769737244 0.9990503191947937 0.9971844553947449 
30 0.500452995300293 0.4983587861061096 0.9990939497947693 0.9967175722122192 
21 0.5032231211662292 0.8141494393348694 0.18673881888389587 0.20238947868347168 
21 0.5004409551620483 0.4989561140537262 0.9991180896759033 0.9979122281074524 
21 0.5024402141571045 0.8119637966156006 0.1881251037120819 0.20235157012939453 
30 0.5004798173904419 0.4982025623321533 0.9990403652191162 0.9964051246643066 
