20 0.5002914667129517 0.3869207501411438 0.9984430074691772 0.7738415002822876 
30 0.5002435445785522 0.33749622106552124 0.9981547594070435 0.6749924421310425 
30 0.5000931024551392 0.6295319199562073 0.9994223117828369 0.7409361600875854 
30 0.5002560615539551 0.33755236864089966 0.9984304904937744 0.6751047372817993 
30 0.480421781539917 0.5140031576156616 0.30088841915130615 0.5115020275115967 
19 0.4806111454963684 0.5134419202804565 0.3073802888393402 0.5202922224998474 
22 0.47862890362739563 0.5147497653961182 0.2979124188423157 0.5084695816040039 
20 0.4998062252998352 0.33858394622802734 0.9996124505996704 0.6771678924560547 
22 0.49988314509391785 0.33398953080177307 0.9997662901878357 0.6679790616035461 
30 0.48113223910331726 0.5136839151382446 0.30549079179763794 0.520451009273529 
