30 0.5000879764556885 0.5580403208732605 0.9988325834274292 0.7723296880722046 
19 0.5374406576156616 0.3722309172153473 0.304107666015625 0.40914636850357056 
37 0.4581601023674011 0.39431366324424744 0.45784151554107666 0.44256240129470825 
19 0.45840001106262207 0.39652562141418457 0.4567373991012573 0.45009273290634155 
30 0.5397422909736633 0.36890849471092224 0.29368865489959717 0.3948165774345398 
29 0.5390757918357849 0.3698228597640991 0.2941601276397705 0.3918561637401581 
19 0.5344164371490479 0.23892807960510254 0.06960582733154297 0.11492013931274414 
30 0.3955104351043701 0.5360822677612305 0.3405151963233948 0.17562106251716614 
30 0.39319247007369995 0.5356417894363403 0.3373703062534332 0.1791650950908661 
19 0.5357627868652344 0.3724363446235657 0.30484673380851746 0.4081173539161682 
