39 0.5212632417678833 0.6085750460624695 0.9207614064216614 0.7168960571289062 
47 0.52318274974823 0.6089513301849365 0.9210872054100037 0.7191743850708008 
47 0.4775298535823822 0.6861925721168518 0.8739969730377197 0.5714889764785767 
39 0.7935729622840881 0.5274003744125366 0.3801426887512207 0.5439170598983765 
19 0.4798476994037628 0.6856367588043213 0.8733688592910767 0.5606021881103516 
47 0.7925587892532349 0.5288419723510742 0.38252049684524536 0.5486491918563843 
19 0.4836329519748688 0.6923931837081909 0.8461558222770691 0.5512932538986206 
19 0.794336199760437 0.5272566080093384 0.37892889976501465 0.5467612743377686 
19 0.7961950898170471 0.5231825709342957 0.3831061124801636 0.5461602210998535 
19 0.7955666184425354 0.5222993493080139 0.38078367710113525 0.5458517074584961 
