19 0.6890562176704407 0.5439271926879883 0.41820740699768066 0.7199873924255371 
29 0.6908282041549683 0.545685887336731 0.42030069231987 0.727382242679596 
37 0.32338911294937134 0.4766148328781128 0.31884223222732544 0.5947877168655396 
19 0.319977343082428 0.5165843367576599 0.31561654806137085 0.5179702043533325 
29 0.6975548267364502 0.6207784414291382 0.4088476896286011 0.5785243511199951 
19 0.6356037855148315 0.5114172697067261 0.2665066719055176 0.6585273742675781 
37 0.6324739456176758 0.5075275897979736 0.24919044971466064 0.639691948890686 
19 0.6344072818756104 0.510448694229126 0.25771021842956543 0.6514757871627808 
30 0.3701961040496826 0.44081977009773254 0.1937394142150879 0.5240722298622131 
37 0.3197280764579773 0.5170621275901794 0.31533491611480713 0.5173417329788208 
