30 0.5002340078353882 0.3365752398967743 0.9995319843292236 0.6632732152938843 
30 0.49493473768234253 0.5722669959068298 0.21157491207122803 0.21875402331352234 
30 0.4960325360298157 0.5708155035972595 0.21085822582244873 0.22114267945289612 
47 0.5002454519271851 0.33051159977912903 0.9995090365409851 0.6554051637649536 
22 0.4837568402290344 0.5690612196922302 0.20091012120246887 0.21863016486167908 
37 0.5002190470695496 0.3361892104148865 0.9995619058609009 0.6620105504989624 
47 0.4849487245082855 0.5651767253875732 0.1898530125617981 0.2133333683013916 
30 0.48369455337524414 0.5647627711296082 0.18672826886177063 0.2097862958908081 
19 0.48392045497894287 0.5694957375526428 0.2039022445678711 0.22026005387306213 
19 0.48416703939437866 0.5654532313346863 0.1885482370853424 0.20944809913635254 
