21 0.45192280411720276 0.5619955062866211 0.5060613751411438 0.6614959239959717 
30 0.5004914999008179 0.4986317753791809 0.9990171194076538 0.9972635507583618 
21 0.44953611493110657 0.5524235963821411 0.5029243230819702 0.6416244506835938 
30 0.4549843370914459 0.6402645111083984 0.5163205862045288 0.4908945560455322 
28 0.59605872631073 0.6361522674560547 0.7956510186195374 0.49223604798316956 
30 0.4508342444896698 0.6455724239349365 0.5112252831459045 0.4801914691925049 
30 0.4529530704021454 0.6431499719619751 0.5102355480194092 0.48310908675193787 
30 0.4529276192188263 0.559190034866333 0.504669725894928 0.6620083451271057 
28 0.4539736807346344 0.6358857154846191 0.5117350220680237 0.46259409189224243 
28 0.8511798977851868 0.5896354913711548 0.2914222478866577 0.4158579707145691 
