21 0.5084756016731262 0.6688313484191895 0.9034688472747803 0.6588658094406128 
21 0.5041260719299316 0.6698036193847656 0.8968954086303711 0.6603927612304688 
30 0.4998290240764618 0.6678891181945801 0.9979108572006226 0.6609493494033813 
29 0.5119549036026001 0.6675530076026917 0.9008985757827759 0.6611759662628174 
21 0.5042141675949097 0.667391300201416 0.9122520685195923 0.665217399597168 
49 0.5077974200248718 0.6691988706588745 0.9071140289306641 0.6576840877532959 
49 0.5041695833206177 0.6695007085800171 0.8969991207122803 0.6609985828399658 
21 0.5033103227615356 0.6695119142532349 0.9064301252365112 0.6609762907028198 
49 0.5124776363372803 0.6685765385627747 0.8984335660934448 0.6584427356719971 
49 0.5071471929550171 0.669497013092041 0.8989804983139038 0.6587721109390259 
