30 0.8348477482795715 0.7506300210952759 0.28326475620269775 0.42997628450393677 
28 0.8361951112747192 0.759962260723114 0.2769632339477539 0.4326225519180298 
28 0.500487208366394 0.4987521767616272 0.9990255832672119 0.9975043535232544 
28 0.8384425044059753 0.7587407827377319 0.27885985374450684 0.43318378925323486 
30 0.5005011558532715 0.4988384246826172 0.9989977478981018 0.9976768493652344 
28 0.5004994869232178 0.4987674355506897 0.9990010857582092 0.9975348711013794 
21 0.2454020380973816 0.463119775056839 0.2982020378112793 0.28990310430526733 
21 0.5004451274871826 0.4988253712654114 0.9991097450256348 0.9976507425308228 
21 0.8378716707229614 0.7562024593353271 0.2923445701599121 0.44176578521728516 
21 0.8361188173294067 0.7562746405601501 0.2889571189880371 0.4299687147140503 
