30 0.500353217124939 0.6288785338401794 0.9992935657501221 0.7188149690628052 
5 0.26362156867980957 0.680433988571167 0.23263230919837952 0.24976646900177002 
5 0.500295877456665 0.6388058662414551 0.9994081854820251 0.6988210678100586 
5 0.26688191294670105 0.6797176599502563 0.24146193265914917 0.2606126070022583 
19 0.5003981590270996 0.6383751034736633 0.9992036819458008 0.7100110054016113 
19 0.26773279905319214 0.6783495545387268 0.24083256721496582 0.26558101177215576 
29 0.2711861729621887 0.6804980039596558 0.24799050390720367 0.25308895111083984 
30 0.5001966953277588 0.6092525720596313 0.9993536472320557 0.7578310966491699 
29 0.5003711581230164 0.6335241198539734 0.9992576837539673 0.7171972990036011 
29 0.26401302218437195 0.6807688474655151 0.23220527172088623 0.2545802593231201 
