47 0.261495977640152 0.5599372386932373 0.5169281959533691 0.7949475049972534 
47 0.4998164772987366 0.669234573841095 0.9990886449813843 0.651321530342102 
47 0.5393750071525574 0.5835539698600769 0.2257678508758545 0.48132848739624023 
30 0.4997010827064514 0.5799252986907959 0.9989532232284546 0.8333903551101685 
19 0.33019179105758667 0.5611393451690674 0.3785221576690674 0.7942999601364136 
7 0.5394415259361267 0.5849639773368835 0.22776782512664795 0.48292386531829834 
47 0.3296593427658081 0.5583024024963379 0.3808174431324005 0.7910653352737427 
40 0.5398250222206116 0.5861941576004028 0.22596395015716553 0.48316362500190735 
47 0.3285917341709137 0.5584366917610168 0.3815794587135315 0.7937030792236328 
30 0.5393510460853577 0.5836546421051025 0.22698959708213806 0.4805469214916229 
