19 0.5057510137557983 0.49753430485725403 0.9805275201797485 0.9950686097145081 
29 0.4850490987300873 0.49969738721847534 0.9312101602554321 0.9986191987991333 
7 0.6554915904998779 0.623375415802002 0.609639048576355 0.7414909601211548 
19 0.6537430286407471 0.722503662109375 0.6057045459747314 0.54770827293396 
21 0.47737783193588257 0.4981633424758911 0.9483639001846313 0.9963266849517822 
28 0.6503680944442749 0.7202914953231812 0.5956761837005615 0.5503263473510742 
29 0.6499379277229309 0.6214314699172974 0.595217227935791 0.7431144714355469 
28 0.6500034332275391 0.707232654094696 0.59630286693573 0.5758875608444214 
19 0.6478193998336792 0.7205759286880493 0.6185507774353027 0.5487865209579468 
29 0.653833270072937 0.6221393346786499 0.6049858331680298 0.7444479465484619 
