30 0.3259211778640747 0.5663490891456604 0.36149507761001587 0.3306565284729004 
30 0.3336488604545593 0.56922847032547 0.3628608286380768 0.32512524724006653 
29 0.5000320076942444 0.749369204044342 0.9993807077407837 0.4850884675979614 
30 0.5000793933868408 0.7500589489936829 0.999624490737915 0.48564112186431885 
30 0.5000386238098145 0.7505884170532227 0.9995261430740356 0.48340725898742676 
30 0.5000906586647034 0.7501094937324524 0.9996267557144165 0.4831498861312866 
19 0.2977886199951172 0.6467095613479614 0.1809559464454651 0.17098617553710938 
30 0.5002068281173706 0.7477580308914185 0.9995863437652588 0.48629581928253174 
40 0.29651904106140137 0.6475726366043091 0.17282521724700928 0.16688847541809082 
7 0.5001479983329773 0.7502331137657166 0.9996316432952881 0.485909104347229 
