42 0.2008051574230194 0.3141930103302002 0.3475503921508789 0.6283860206604004 
47 0.19854095578193665 0.31328243017196655 0.35081082582473755 0.6265648603439331 
19 0.5002166628837585 0.305630087852478 0.9995666742324829 0.611260175704956 
30 0.16270343959331512 0.6508985757827759 0.2874937951564789 0.26116329431533813 
37 0.22315126657485962 0.30901169776916504 0.3064225912094116 0.6180233955383301 
47 0.22702790796756744 0.304324209690094 0.30125927925109863 0.608648419380188 
7 0.2267432063817978 0.3054218888282776 0.29631274938583374 0.6108437776565552 
19 0.2287072390317917 0.3052936792373657 0.301638662815094 0.6105873584747314 
47 0.22729437053203583 0.30587881803512573 0.2970392107963562 0.6117576360702515 
29 0.22491298615932465 0.30862700939178467 0.3035387396812439 0.6172540187835693 
