19 0.6184865236282349 0.4997641444206238 0.2877965569496155 0.5607177019119263 
29 0.6189683675765991 0.5001840591430664 0.286843478679657 0.5580973625183105 
7 0.21468274295330048 0.5933845043182373 0.12067434191703796 0.16789162158966064 
47 0.6184292435646057 0.5339986085891724 0.28596630692481995 0.47768914699554443 
29 0.602891206741333 0.5452569723129272 0.2846388816833496 0.48099610209465027 
19 0.6128412485122681 0.5380479097366333 0.28484392166137695 0.48491331934928894 
19 0.6896991729736328 0.301096111536026 0.1482987403869629 0.16373662650585175 
19 0.6891891956329346 0.29986515641212463 0.14643335342407227 0.1620417833328247 
7 0.6038970947265625 0.5455108284950256 0.28939712047576904 0.48574793338775635 
19 0.3762541115283966 0.5072529315948486 0.7525082230567932 0.5315706729888916 
