19 0.1728287637233734 0.5531662702560425 0.3440735936164856 0.7715117931365967 
19 0.19556201994419098 0.6497607231140137 0.26047512888908386 0.575597882270813 
29 0.5408334732055664 0.6711161136627197 0.4740920066833496 0.636932373046875 
19 0.5431114435195923 0.6689639091491699 0.4860724210739136 0.6463977098464966 
7 0.5438997745513916 0.6664271950721741 0.4825071096420288 0.6496279239654541 
19 0.540810763835907 0.5899940729141235 0.46745073795318604 0.8056784868240356 
19 0.47809404134750366 0.6672085523605347 0.6107088327407837 0.6462175846099854 
7 0.5056874752044678 0.6789720058441162 0.5044019222259521 0.6309977769851685 
19 0.5221577882766724 0.6781216859817505 0.4751673936843872 0.6330829858779907 
7 0.19628669321537018 0.6504101753234863 0.2609485387802124 0.5790294408798218 
