5 0.5001620054244995 0.6635375022888184 0.999675989151001 0.6632434129714966 
5 0.292550265789032 0.502471923828125 0.316782683134079 0.2372722029685974 
47 0.3782629370689392 0.5584836602210999 0.2621169090270996 0.1265106201171875 
30 0.6565336585044861 0.5700814127922058 0.17959606647491455 0.4837826192378998 
47 0.6592884063720703 0.5714333057403564 0.17803418636322021 0.4802849292755127 
5 0.6585918068885803 0.5727599859237671 0.17817771434783936 0.48000049591064453 
47 0.6580018997192383 0.5702391266822815 0.1810671091079712 0.47206273674964905 
5 0.045791711658239365 0.5140346884727478 0.07663451135158539 0.2827399671077728 
19 0.6574263572692871 0.5697416067123413 0.180458664894104 0.48077595233917236 
19 0.35328108072280884 0.5621654391288757 0.22419622540473938 0.11941921710968018 
