30 0.4983377754688263 0.21445991098880768 0.9935240745544434 0.424675852060318 
28 0.48733869194984436 0.5527639389038086 0.8560863733291626 0.3812682330608368 
30 0.4890157878398895 0.5563098192214966 0.8384437561035156 0.36970484256744385 
28 0.48749005794525146 0.5554993152618408 0.8580448627471924 0.38630709052085876 
19 0.4867253005504608 0.5672261714935303 0.8458269834518433 0.39804351329803467 
30 0.8080645799636841 0.30011606216430664 0.048201799392700195 0.3469863533973694 
30 0.4887288510799408 0.5552256107330322 0.8483994007110596 0.37692880630493164 
19 0.4869190454483032 0.5570380687713623 0.8374150991439819 0.37851494550704956 
28 0.48661306500434875 0.5672904253005981 0.8479284048080444 0.39733096957206726 
19 0.7378256320953369 0.2090274542570114 0.5102157592773438 0.41346392035484314 
