7 0.4641590118408203 0.6506631970405579 0.47797468304634094 0.4371187686920166 
19 0.45988792181015015 0.6509992480278015 0.47259920835494995 0.4381709098815918 
47 0.5003389716148376 0.4649917185306549 0.9993220567703247 0.809637725353241 
47 0.4654240608215332 0.6489565968513489 0.4734916687011719 0.43721452355384827 
47 0.4547765254974365 0.48809027671813965 0.14449548721313477 0.10352262854576111 
47 0.4645669460296631 0.6515887975692749 0.46943169832229614 0.4371924102306366 
30 0.4637843072414398 0.6512938141822815 0.4735017418861389 0.4383596181869507 
30 0.4657174050807953 0.6497170329093933 0.4728448987007141 0.4320606291294098 
30 0.4637717008590698 0.6519332528114319 0.4785575866699219 0.43488872051239014 
19 0.46617382764816284 0.649480402469635 0.46870172023773193 0.431852251291275 
