47 0.6941677927970886 0.3463119566440582 0.41999736428260803 0.5431643128395081 
30 0.6898412704467773 0.34781110286712646 0.4011380672454834 0.5395604372024536 
20 0.4245261251926422 0.6580549478530884 0.8359557390213013 0.2864611744880676 
19 0.42897453904151917 0.6640670299530029 0.8517789840698242 0.30061811208724976 
47 0.6960294246673584 0.348074346780777 0.42147231101989746 0.5471733808517456 
30 0.6919305920600891 0.35055944323539734 0.4183323383331299 0.5467066764831543 
30 0.6943098306655884 0.3480614721775055 0.419323205947876 0.5454138517379761 
30 0.6903247237205505 0.35265597701072693 0.4011324644088745 0.5462601780891418 
20 0.8059414625167847 0.15193715691566467 0.13493400812149048 0.11938801407814026 
29 0.691310465335846 0.345406174659729 0.3975435793399811 0.542938768863678 
