47 0.5226489305496216 0.524122953414917 0.8373348712921143 0.9287884831428528 
30 0.5239952802658081 0.6504709720611572 0.8284406661987305 0.6817188262939453 
47 0.5006541013717651 0.4106111228466034 0.9956457614898682 0.7062673568725586 
30 0.5188689231872559 0.6483174562454224 0.8217006325721741 0.6752614974975586 
19 0.5211864709854126 0.15990447998046875 0.12566125392913818 0.1907881498336792 
37 0.5494073033332825 0.4073471426963806 0.4062117040157318 0.6993428468704224 
19 0.5504052639007568 0.4041379392147064 0.4009740650653839 0.6881210803985596 
47 0.5515128970146179 0.40716353058815 0.4023993909358978 0.6973053812980652 
7 0.5513733625411987 0.4060170352458954 0.4071754217147827 0.6946039199829102 
19 0.5213760137557983 0.6480675935745239 0.8214952945709229 0.6852301359176636 
