30 0.5005203485488892 0.4989939033985138 0.9989593029022217 0.9979878067970276 
30 0.4815451204776764 0.37264397740364075 0.2790985703468323 0.3629862666130066 
30 0.5004950761795044 0.4986255168914795 0.9990097284317017 0.997251033782959 
30 0.5547852516174316 0.40553054213523865 0.14437106251716614 0.2908095717430115 
28 0.5555012822151184 0.4044730067253113 0.1466810405254364 0.2954193651676178 
21 0.607421338558197 0.6540501117706299 0.7747913599014282 0.691216230392456 
30 0.6041070222854614 0.5953211188316345 0.7800765037536621 0.8061787486076355 
30 0.28495609760284424 0.5809313654899597 0.29041558504104614 0.3265899419784546 
21 0.6069896221160889 0.655118465423584 0.7770477533340454 0.6883536577224731 
28 0.2198392003774643 0.4205370843410492 0.4315854609012604 0.6355560421943665 
