20 0.500268280506134 0.44550615549087524 0.9994634389877319 0.8910123109817505 
47 0.3971251845359802 0.49984514713287354 0.23957142233848572 0.7819783687591553 
47 0.39944374561309814 0.5552541017532349 0.13376009464263916 0.6807018518447876 
47 0.5096387267112732 0.5539672374725342 0.9794914722442627 0.679436206817627 
30 0.3989691138267517 0.5549851059913635 0.14698737859725952 0.6755262613296509 
30 0.3998737633228302 0.5532349348068237 0.14358609914779663 0.6773734092712402 
47 0.39944878220558167 0.5544848442077637 0.1300891637802124 0.681350827217102 
19 0.4008769392967224 0.553745448589325 0.1348057985305786 0.6796668767929077 
32 0.4000162184238434 0.5549582242965698 0.13471055030822754 0.6779047250747681 
19 0.3985515534877777 0.5537483096122742 0.13352835178375244 0.6817002296447754 
