19 0.568142294883728 0.5313727259635925 0.7278491258621216 0.9237575531005859 
47 0.5617188811302185 0.5326334238052368 0.7242324352264404 0.9272342920303345 
19 0.5638289451599121 0.5309227705001831 0.7265298366546631 0.9243606328964233 
19 0.5626351237297058 0.538740873336792 0.7120981216430664 0.9130520820617676 
19 0.5633265972137451 0.5375410318374634 0.7116838693618774 0.9156297445297241 
29 0.8176175355911255 0.502514123916626 0.22155523300170898 0.5589548945426941 
30 0.5622768402099609 0.5371271371841431 0.7117035388946533 0.912421703338623 
29 0.5638952255249023 0.7780976295471191 0.5686672925949097 0.4294135570526123 
49 0.5644322633743286 0.5372446179389954 0.7143807411193848 0.9172743558883667 
29 0.5651741623878479 0.5327712297439575 0.7197525501251221 0.9248595237731934 
