47 0.49994876980781555 0.5 0.998685359954834 1.0 
47 0.8550245761871338 0.7319763898849487 0.2834516167640686 0.3021696209907532 
19 0.4645437002182007 0.5907944440841675 0.8867363929748535 0.8121843338012695 
47 0.47052380442619324 0.5919536352157593 0.8972299695014954 0.8124579191207886 
19 0.5004691481590271 0.5940139293670654 0.8205220699310303 0.8116772174835205 
30 0.5469626188278198 0.594990074634552 0.9047493934631348 0.8073095083236694 
39 0.8624788522720337 0.7257648706436157 0.26915621757507324 0.2907283306121826 
39 0.4397507607936859 0.7504674196243286 0.843131959438324 0.48823773860931396 
19 0.5026371479034424 0.5943233370780945 0.8150666952133179 0.808351993560791 
29 0.5018391609191895 0.5932525992393494 0.8152745962142944 0.8118520975112915 
