47 0.13628892600536346 0.6347135305404663 0.2670488953590393 0.6849459409713745 
47 0.4325198233127594 0.4361947774887085 0.8598868250846863 0.872389554977417 
47 0.8701267242431641 0.6551618576049805 0.25927937030792236 0.592442512512207 
47 0.14075668156147003 0.6339560747146606 0.27301809191703796 0.6887543201446533 
19 0.14502908289432526 0.6375716924667358 0.28031086921691895 0.6924980878829956 
42 0.13726966083049774 0.6372153759002686 0.26869410276412964 0.6907497644424438 
47 0.8735660314559937 0.6463204026222229 0.2528679370880127 0.5746444463729858 
20 0.13405101001262665 0.6408811211585999 0.2669474482536316 0.6942708492279053 
30 0.5573399066925049 0.5795457363128662 0.6047059297561646 0.5921763181686401 
20 0.13109071552753448 0.6377142667770386 0.2612876296043396 0.6863610744476318 
