30 0.5250900983810425 0.6410435438156128 0.6540201902389526 0.7153270244598389 
47 0.517386794090271 0.6405825614929199 0.6683285236358643 0.7150135636329651 
47 0.4955472946166992 0.6390084028244019 0.6256839036941528 0.7145543098449707 
47 0.8553568124771118 0.43517327308654785 0.2887866497039795 0.3570629358291626 
39 0.8569684624671936 0.43391305208206177 0.2860630750656128 0.3548464775085449 
30 0.4876519739627838 0.6432166695594788 0.6295008063316345 0.7015599012374878 
30 0.3535391688346863 0.6107845902442932 0.7070783376693726 0.7718675136566162 
30 0.8540115356445312 0.4324381649494171 0.28971314430236816 0.34747952222824097 
47 0.22444802522659302 0.6087560653686523 0.44889605045318604 0.7716168165206909 
39 0.49358758330345154 0.6392099857330322 0.6279138922691345 0.7155601978302002 
