47 0.9255211353302002 0.5532735586166382 0.14895766973495483 0.5118445158004761 
20 0.32177427411079407 0.5566409826278687 0.5291870832443237 0.8785562515258789 
30 0.6656237840652466 0.8769820928573608 0.6687524318695068 0.22830891609191895 
19 0.3215162754058838 0.5819675922393799 0.5321378707885742 0.8306019306182861 
5 0.5279139280319214 0.584688127040863 0.9441720247268677 0.8245443105697632 
19 0.32319387793540955 0.5839593410491943 0.5306716561317444 0.8272217512130737 
47 0.7080512642860413 0.7456877827644348 0.1322575807571411 0.12601006031036377 
30 0.3235396146774292 0.5833927989006042 0.531386137008667 0.8225432634353638 
19 0.25694817304611206 0.6775631904602051 0.37964290380477905 0.5123910903930664 
30 0.320416659116745 0.5833942890167236 0.5402067303657532 0.825474739074707 
