47 0.564461350440979 0.5417418479919434 0.7032746076583862 0.8916569948196411 
47 0.5617023706436157 0.542741060256958 0.7030431032180786 0.900954008102417 
47 0.5663003921508789 0.6033651232719421 0.7106473445892334 0.7722597122192383 
20 0.570720911026001 0.600832462310791 0.7205191254615784 0.7782449722290039 
47 0.5001226663589478 0.6028077602386475 0.9996870756149292 0.7875133752822876 
49 0.5659148693084717 0.6010388731956482 0.7101510763168335 0.7771627902984619 
32 0.6182814836502075 0.30204522609710693 0.5850616693496704 0.3979191482067108 
30 0.5708996057510376 0.6012976169586182 0.7172616720199585 0.7792618274688721 
49 0.5632984638214111 0.5998899340629578 0.7033672332763672 0.7800219058990479 
30 0.5654095411300659 0.6016677618026733 0.7090243101119995 0.7734980583190918 
