24 0.14743739366531372 0.2599376142024994 0.2719740867614746 0.5198752284049988 
19 0.1599179208278656 0.3908544182777405 0.22982007265090942 0.2811473608016968 
29 0.5596152544021606 0.6357202529907227 0.4388723373413086 0.6800707578659058 
19 0.5579197406768799 0.6346793174743652 0.44373396039009094 0.6771584749221802 
19 0.5588292479515076 0.6354033946990967 0.4366025924682617 0.6787295341491699 
19 0.5545492768287659 0.6358944177627563 0.4300907850265503 0.6576906442642212 
29 0.5542231798171997 0.6358262896537781 0.4268146753311157 0.6590460538864136 
29 0.5563926100730896 0.6355061531066895 0.4268186092376709 0.6599794626235962 
19 0.1557416319847107 0.3851891756057739 0.23262012004852295 0.2759190797805786 
19 0.5521578788757324 0.6355048418045044 0.4323546886444092 0.658930778503418 
