47 0.500403642654419 0.4985293745994568 0.9991927146911621 0.9970587491989136 
30 0.8697419166564941 0.9150893688201904 0.2605162262916565 0.16293609142303467 
47 0.7967497110366821 0.6861890554428101 0.39660215377807617 0.6127500534057617 
30 0.31518012285232544 0.6488344669342041 0.6282945275306702 0.6884129047393799 
19 0.1085156798362732 0.6382322907447815 0.2170313596725464 0.6167917251586914 
19 0.8656480312347412 0.9150208830833435 0.26870399713516235 0.16274726390838623 
47 0.4278995394706726 0.6520484089851379 0.41305169463157654 0.6822934150695801 
19 0.3181588053703308 0.6492177844047546 0.6260572671890259 0.6833896636962891 
20 0.4267650842666626 0.6484068632125854 0.4164261519908905 0.687559962272644 
47 0.8684369921684265 0.916429877281189 0.263126015663147 0.16078174114227295 
