30 0.5006421804428101 0.5585822463035583 0.9987156391143799 0.6872440576553345 
30 0.500311017036438 0.5674698948860168 0.999377965927124 0.6797407865524292 
30 0.8417683839797974 0.6531833410263062 0.3164632320404053 0.45826980471611023 
30 0.5002700090408325 0.5649620294570923 0.999459981918335 0.7076380252838135 
22 0.5002926588058472 0.5753080248832703 0.9994146823883057 0.6951870918273926 
30 0.5002914667129517 0.5727769136428833 0.9994170069694519 0.6759306192398071 
30 0.5004950761795044 0.5596466064453125 0.9981341361999512 0.6832464933395386 
30 0.5003023147583008 0.56221604347229 0.999395489692688 0.6957954168319702 
19 0.5003305673599243 0.5627262592315674 0.9993388652801514 0.6928162574768066 
22 0.5002658367156982 0.5707665085792542 0.9994683265686035 0.6864126920700073 
