7 0.4987255334854126 0.49452900886535645 0.9974510669708252 0.9890580177307129 
29 0.504968523979187 0.5359542369842529 0.9898130893707275 0.922945499420166 
21 0.5018486976623535 0.5331287980079651 0.9928528070449829 0.9112257957458496 
30 0.5013152360916138 0.5333106517791748 0.9948068857192993 0.9125880002975464 
30 0.5065081715583801 0.536615788936615 0.9856594800949097 0.9220262765884399 
7 0.5014832019805908 0.5337175726890564 0.9923443794250488 0.9115163087844849 
19 0.5004134178161621 0.5311668515205383 0.9959410429000854 0.9145622253417969 
29 0.5027384757995605 0.5347057580947876 0.9922603368759155 0.9234637022018433 
30 0.5015212297439575 0.5320641994476318 0.994126558303833 0.9119071960449219 
30 0.5019035339355469 0.5363093018531799 0.9924716949462891 0.9072321653366089 
