19 0.6574490070343018 0.6686420440673828 0.6851019859313965 0.6554788947105408 
19 0.8560190200805664 0.7611542344093323 0.2879619598388672 0.47691845893859863 
29 0.5590041279792786 0.6211768388748169 0.49088823795318604 0.5596541166305542 
29 0.856471061706543 0.7598150372505188 0.2870578169822693 0.47883808612823486 
28 0.5686735510826111 0.5965366363525391 0.4955683648586273 0.5160708427429199 
19 0.5680796504020691 0.615759015083313 0.4950059652328491 0.5504294037818909 
7 0.5682439208030701 0.5379074215888977 0.49247610569000244 0.6257020235061646 
30 0.560228705406189 0.6020702123641968 0.4911527633666992 0.5226294994354248 
19 0.5586053133010864 0.6016328930854797 0.49070021510124207 0.5219459533691406 
46 0.5729249715805054 0.5922660231590271 0.4982234835624695 0.4974522590637207 
