30 0.22022804617881775 0.782426118850708 0.3469049334526062 0.1809706687927246 
30 0.7280117273330688 0.4646531343460083 0.5031273365020752 0.5015532970428467 
30 0.7274771928787231 0.4616580903530121 0.5062274932861328 0.5023458003997803 
30 0.2177051454782486 0.8311156034469604 0.3635164499282837 0.32531410455703735 
30 0.7294600009918213 0.5913575291633606 0.500963568687439 0.7407490015029907 
30 0.7339738607406616 0.5863474011421204 0.5101430416107178 0.7396644353866577 
7 0.2230876237154007 0.5326021909713745 0.2525478005409241 0.9234477281570435 
20 0.7295870780944824 0.6066852807998657 0.5024164915084839 0.773712158203125 
30 0.7263665199279785 0.5852406024932861 0.507317066192627 0.7399529218673706 
30 0.7303379774093628 0.4590015709400177 0.4989609718322754 0.5004181861877441 
