19 0.4996830224990845 0.47617799043655396 0.999366044998169 0.9523559808731079 
47 0.4994122385978699 0.4767643213272095 0.9988244771957397 0.953528642654419 
47 0.5004199743270874 0.5379438400268555 0.9991601705551147 0.9199206233024597 
47 0.5003807544708252 0.5390952825546265 0.9992385506629944 0.9164275527000427 
47 0.5003980398178101 0.5396623611450195 0.9992039203643799 0.9148339629173279 
47 0.46813225746154785 0.5161343812942505 0.8447916507720947 0.8742132186889648 
7 0.47604402899742126 0.5138236284255981 0.8496158123016357 0.8820418119430542 
19 0.4758621156215668 0.5141729116439819 0.850689709186554 0.880852222442627 
37 0.500414252281189 0.5817884802818298 0.9991714954376221 0.8269662857055664 
30 0.46471738815307617 0.5168763399124146 0.8503351211547852 0.8717312812805176 
