47 0.4233371615409851 0.34876173734664917 0.5005165338516235 0.52543705701828 
19 0.4244389533996582 0.347204327583313 0.49845314025878906 0.5290199518203735 
47 0.30554133653640747 0.5666831135749817 0.2755700945854187 0.10142219066619873 
30 0.4377806782722473 0.3182755708694458 0.4584195613861084 0.4677882790565491 
29 0.3077313303947449 0.5664501190185547 0.2722974419593811 0.10003149509429932 
30 0.4381217360496521 0.31729790568351746 0.46325933933258057 0.4671282172203064 
42 0.4400451183319092 0.3162420988082886 0.4616074860095978 0.4685057997703552 
19 0.44406047463417053 0.3146034777164459 0.4585493206977844 0.4598991274833679 
47 0.44261008501052856 0.3143014907836914 0.45897501707077026 0.45909735560417175 
30 0.43733394145965576 0.31695520877838135 0.46536701917648315 0.4734013080596924 
