21 0.5051506757736206 0.3533151149749756 0.21561160683631897 0.2985425591468811 
21 0.4681326150894165 0.3639026880264282 0.2928158938884735 0.2918095588684082 
28 0.3083031177520752 0.6251978278160095 0.6166062355041504 0.749604344367981 
21 0.5062932372093201 0.3594515025615692 0.21140336990356445 0.273995041847229 
46 0.34828782081604004 0.28863584995269775 0.05157119035720825 0.13949567079544067 
47 0.04610884189605713 0.6446641683578491 0.09221768379211426 0.7076956033706665 
28 0.04692823067307472 0.6470003128051758 0.09385646134614944 0.7059993147850037 
21 0.3083787262439728 0.5063706636428833 0.6042269468307495 0.50003981590271 
30 0.5703378915786743 0.2543281614780426 0.347408264875412 0.4942849278450012 
40 0.5067957639694214 0.3532440662384033 0.21573138236999512 0.2994805574417114 
