7 0.5584051609039307 0.5007941126823425 0.8829231858253479 0.990562915802002 
30 0.4771193563938141 0.3989177942276001 0.724554181098938 0.36313846707344055 
30 0.47675904631614685 0.4018903374671936 0.7481216192245483 0.2970610558986664 
30 0.47605571150779724 0.40531426668167114 0.75410395860672 0.30714476108551025 
30 0.45116332173347473 0.17096367478370667 0.1605423092842102 0.34192734956741333 
0 0.7739838361740112 0.7589563727378845 0.45203226804733276 0.48208725452423096 
49 0.47788307070732117 0.3997001647949219 0.7432936429977417 0.3073688745498657 
30 0.4787849485874176 0.4984722137451172 0.7278672456741333 0.9969444274902344 
30 0.7773671746253967 0.7613524198532104 0.44526565074920654 0.4772952198982239 
7 0.47761693596839905 0.4035508334636688 0.7446572184562683 0.29127365350723267 
