20 0.4574936032295227 0.48313647508621216 0.3850126564502716 0.9662729501724243 
47 0.47638270258903503 0.5004371404647827 0.3639490008354187 0.9411332607269287 
19 0.47747546434402466 0.5016971826553345 0.36607182025909424 0.9379327297210693 
47 0.47685521841049194 0.5018143653869629 0.36780238151550293 0.9446135759353638 
47 0.47345682978630066 0.5028932094573975 0.3625912070274353 0.9331161975860596 
21 0.4730343818664551 0.5013587474822998 0.36140844225883484 0.9325007200241089 
19 0.47350889444351196 0.500531017780304 0.36274445056915283 0.9350131750106812 
47 0.47404518723487854 0.49967560172080994 0.36047500371932983 0.936798095703125 
19 0.4781118333339691 0.5015573501586914 0.3720155358314514 0.9408630132675171 
19 0.47399407625198364 0.5009679794311523 0.36766234040260315 0.9352890253067017 
