19 0.5220499634742737 0.5218545198440552 0.8998663425445557 0.9539201259613037 
47 0.5228625535964966 0.5206069350242615 0.8955405354499817 0.9555214643478394 
19 0.5219091176986694 0.521876871585846 0.8997012376785278 0.95391845703125 
19 0.5205483436584473 0.5162363052368164 0.8962390422821045 0.9543381929397583 
19 0.521727442741394 0.5142239332199097 0.9003614187240601 0.955668568611145 
19 0.5225252509117126 0.521008312702179 0.8996884822845459 0.9545367956161499 
19 0.5224322080612183 0.5224241018295288 0.8944017887115479 0.9523217678070068 
19 0.5230162143707275 0.52267986536026 0.8995872735977173 0.954054594039917 
29 0.5222740173339844 0.5158048868179321 0.9024507999420166 0.9566910266876221 
13 0.4716499149799347 0.2900041937828064 0.43042999505996704 0.4919853210449219 
