30 0.5348710417747498 0.39196741580963135 0.28335440158843994 0.775486946105957 
47 0.6481980085372925 0.42722445726394653 0.1394299864768982 0.6317863464355469 
30 0.5322445631027222 0.3910091519355774 0.28240448236465454 0.7753158807754517 
10 0.13261562585830688 0.33328408002853394 0.26523125171661377 0.26503896713256836 
30 0.5007367134094238 0.5423674583435059 0.9968116283416748 0.9028133749961853 
10 0.5027711391448975 0.4315762221813202 0.2191503345966339 0.6907511949539185 
45 0.6475160717964172 0.42721027135849 0.13917100429534912 0.6338096857070923 
47 0.5024568438529968 0.4328753352165222 0.2193603515625 0.686896562576294 
47 0.502564549446106 0.434075266122818 0.21613705158233643 0.6872267127037048 
47 0.499591588973999 0.5977946519851685 0.9980255961418152 0.7843494415283203 
