7 0.4857751131057739 0.5270314812660217 0.31120678782463074 0.630054235458374 
20 0.4846504330635071 0.5305362343788147 0.30227768421173096 0.6291341781616211 
19 0.5003902912139893 0.4220740497112274 0.9992194771766663 0.8441480994224548 
47 0.4840512275695801 0.531630277633667 0.3086874485015869 0.6310296058654785 
47 0.48414528369903564 0.5298455953598022 0.3039473295211792 0.6275628805160522 
47 0.4841262102127075 0.5264778137207031 0.30370187759399414 0.626482367515564 
21 0.4851590692996979 0.5283895134925842 0.30629318952560425 0.6278486251831055 
30 0.486546128988266 0.5283017158508301 0.3054381012916565 0.6283797025680542 
19 0.4859815835952759 0.5284605026245117 0.303804874420166 0.6289790868759155 
30 0.4840645492076874 0.5310445427894592 0.3070632815361023 0.6295571327209473 
