47 0.24646306037902832 0.30578991770744324 0.23212605714797974 0.3796982169151306 
19 0.4227774143218994 0.5559377670288086 0.8455548286437988 0.787542462348938 
47 0.42121002078056335 0.5621534585952759 0.834700345993042 0.7947922945022583 
47 0.41924089193344116 0.5571452379226685 0.8384817838668823 0.7857255935668945 
20 0.4211108982563019 0.555516242980957 0.8408135175704956 0.7866841554641724 
19 0.42032715678215027 0.5582928657531738 0.8406543135643005 0.7889761924743652 
19 0.24883168935775757 0.3085710108280182 0.23221361637115479 0.38184845447540283 
19 0.4205000698566437 0.5566115379333496 0.8409759998321533 0.7863235473632812 
29 0.421883225440979 0.5563154220581055 0.843766450881958 0.7905991077423096 
47 0.2466852068901062 0.307872474193573 0.23056937754154205 0.37820565700531006 
