30 0.6066975593566895 0.5087090730667114 0.6801692843437195 0.6653784513473511 
28 0.474222868680954 0.5072809457778931 0.4243409037590027 0.6824862957000732 
42 0.45257651805877686 0.533302903175354 0.7090734243392944 0.7446005940437317 
30 0.5553679466247559 0.5338152647018433 0.583758533000946 0.7356283664703369 
30 0.45165884494781494 0.5353204011917114 0.7403403520584106 0.7329165935516357 
28 0.4735037684440613 0.5043838024139404 0.42816415429115295 0.6913819313049316 
30 0.4439566433429718 0.5296437740325928 0.6953961849212646 0.7310221195220947 
28 0.3662261366844177 0.5073732137680054 0.6283472776412964 0.6753524541854858 
28 0.5209981203079224 0.580888032913208 0.8421833515167236 0.6541022062301636 
0 0.4732595682144165 0.4710386395454407 0.41637539863586426 0.7578703761100769 
