19 0.40097013115882874 0.5309268832206726 0.6791640520095825 0.925864577293396 
30 0.3969323933124542 0.5308935046195984 0.6832937002182007 0.9247663021087646 
19 0.39731910824775696 0.5320624113082886 0.6723389029502869 0.9247323274612427 
19 0.37551411986351013 0.5318126678466797 0.7266228795051575 0.9263163805007935 
47 0.6105952262878418 0.8100495338439941 0.261029452085495 0.21111011505126953 
39 0.6190142631530762 0.8129069805145264 0.25714346766471863 0.2191380262374878 
47 0.39318326115608215 0.5302585959434509 0.6892427206039429 0.9253346920013428 
19 0.3975233733654022 0.531449556350708 0.6660763621330261 0.9236427545547485 
13 0.3954034149646759 0.532253623008728 0.6794161796569824 0.9229708909988403 
19 0.39390572905540466 0.5319253206253052 0.685501217842102 0.9238409996032715 
