30 0.5109127163887024 0.5485097765922546 0.8647549152374268 0.6464893817901611 
19 0.47597450017929077 0.440987765789032 0.945123553276062 0.881975531578064 
19 0.5184972286224365 0.5465031266212463 0.8659310340881348 0.6713299751281738 
30 0.518463134765625 0.5455574989318848 0.8711835145950317 0.6749050617218018 
30 0.5170506238937378 0.5457504987716675 0.8702768087387085 0.6799285411834717 
19 0.5179377794265747 0.5453464388847351 0.8688217401504517 0.6738046407699585 
30 0.5157657861709595 0.5440065860748291 0.8647067546844482 0.6755499839782715 
30 0.5181450843811035 0.5445246696472168 0.8684301376342773 0.6773154735565186 
19 0.5181920528411865 0.5457741022109985 0.8698822259902954 0.6818938255310059 
28 0.47996267676353455 0.6013458967208862 0.941406786441803 0.7777049541473389 
