29 0.5001415014266968 0.4919570982456207 0.9982842206954956 0.9839141964912415 
29 0.3892503082752228 0.7808724045753479 0.7201151847839355 0.40874040126800537 
30 0.4995976984500885 0.7849291563034058 0.9947144389152527 0.41836607456207275 
19 0.3893418312072754 0.7798178195953369 0.7187566757202148 0.40580010414123535 
19 0.5002572536468506 0.4786040782928467 0.9980061054229736 0.9572081565856934 
28 0.38907352089881897 0.7799976468086243 0.7091015577316284 0.4113236665725708 
19 0.39057719707489014 0.7841648459434509 0.7151763439178467 0.40632784366607666 
30 0.38915500044822693 0.7822010517120361 0.7185977697372437 0.40965592861175537 
30 0.3899402320384979 0.7788201570510864 0.715907096862793 0.4049808979034424 
2 0.38934019207954407 0.7834126353263855 0.7130306363105774 0.40593087673187256 
