21 0.4995374381542206 0.7890671491622925 0.9986015558242798 0.4144124984741211 
30 0.4994083642959595 0.768213152885437 0.9961763620376587 0.45742475986480713 
21 0.4996047914028168 0.874163031578064 0.998500406742096 0.2474513053894043 
30 0.5000651478767395 0.5571156144142151 0.9940552711486816 0.8705061674118042 
21 0.49950435757637024 0.7897325754165649 0.997944176197052 0.41630786657333374 
5 0.304049015045166 0.5820563435554504 0.5843728184700012 0.8216558694839478 
21 0.49949392676353455 0.8454529643058777 0.9966968297958374 0.30096161365509033 
21 0.49959295988082886 0.5008107423782349 0.9980045557022095 0.9905741214752197 
30 0.499382346868515 0.5611135959625244 0.9938653707504272 0.8614386916160583 
5 0.4659174084663391 0.6697187423706055 0.27426302433013916 0.6397269368171692 
