47 0.7834975719451904 0.6880755424499512 0.31080156564712524 0.47930288314819336 
39 0.7820279598236084 0.6870130300521851 0.3100915551185608 0.48095250129699707 
47 0.7853335738182068 0.688442587852478 0.30775153636932373 0.47957301139831543 
39 0.73294997215271 0.32120656967163086 0.21162229776382446 0.1607394963502884 
30 0.7746581435203552 0.6601588129997253 0.2920997142791748 0.42722949385643005 
30 0.8489024639129639 0.49669361114501953 0.06882321834564209 0.09772458672523499 
47 0.77554851770401 0.6604896187782288 0.2888981103897095 0.42427337169647217 
39 0.7735688090324402 0.6610734462738037 0.2894160747528076 0.42656242847442627 
47 0.773994505405426 0.6595860123634338 0.2975262403488159 0.4276798963546753 
30 0.7739375233650208 0.6603931188583374 0.29135727882385254 0.42640388011932373 
