30 0.5004714131355286 0.6130359172821045 0.9990571737289429 0.7647808790206909 
30 0.46454301476478577 0.581459641456604 0.6673925518989563 0.6906414031982422 
30 0.47608640789985657 0.5528502464294434 0.6718254089355469 0.6330335140228271 
30 0.5004507899284363 0.63565993309021 0.9990984201431274 0.7212796211242676 
30 0.4673730731010437 0.5817039012908936 0.6584186553955078 0.6992830038070679 
42 0.5004264116287231 0.6378943920135498 0.9987750053405762 0.7068700790405273 
30 0.5004748702049255 0.6122540235519409 0.9988479614257812 0.7671130895614624 
30 0.4667215049266815 0.5571742057800293 0.6573251485824585 0.6406912803649902 
49 0.47319093346595764 0.5542746186256409 0.6741281747817993 0.6298884153366089 
28 0.5328534841537476 0.62415611743927 0.788662850856781 0.609717607498169 
