30 0.5004909038543701 0.2792656421661377 0.9983229637145996 0.5541520714759827 
30 0.9297561645507812 0.9185522794723511 0.10542798042297363 0.15821266174316406 
30 0.5003258585929871 0.6623014211654663 0.9993482828140259 0.6631447076797485 
19 0.5004280805587769 0.4389265477657318 0.9981285333633423 0.23029929399490356 
32 0.500545859336853 0.4335756301879883 0.9985243082046509 0.22701287269592285 
7 0.5004968643188477 0.43450871109962463 0.9974830150604248 0.23152810335159302 
30 0.527949869632721 0.8306219577789307 0.6089224815368652 0.32742106914520264 
30 0.5113396644592285 0.8278548121452332 0.6643134355545044 0.3309265375137329 
19 0.5039529800415039 0.8260126113891602 0.6908282041549683 0.33313965797424316 
30 0.500387966632843 0.6613588929176331 0.999224066734314 0.6642847061157227 
