20 0.518662691116333 0.5376246571540833 0.9031330347061157 0.9129105806350708 
47 0.35247644782066345 0.5403792262077332 0.5623959302902222 0.9129756689071655 
20 0.3477671444416046 0.536873459815979 0.5595344305038452 0.9173305034637451 
42 0.26177409291267395 0.7591983675956726 0.23215989768505096 0.4782019853591919 
49 0.5942043662071228 0.6714334487915039 0.374477744102478 0.6482582092285156 
19 0.6927961111068726 0.5775457620620728 0.5730987787246704 0.8389293551445007 
42 0.5954924821853638 0.6742122769355774 0.37330150604248047 0.6458958387374878 
47 0.26441773772239685 0.7589831948280334 0.23181253671646118 0.4782758951187134 
19 0.2626049816608429 0.7598809003829956 0.23081588745117188 0.47747373580932617 
49 0.6942439675331116 0.5753434896469116 0.57557213306427 0.8426377177238464 
