30 0.5283764600753784 0.7955626249313354 0.6030323505401611 0.40161561965942383 
19 0.5293358564376831 0.7463729977607727 0.5856603384017944 0.5012449026107788 
47 0.5343329906463623 0.7472479343414307 0.5833090543746948 0.4981834888458252 
29 0.530434787273407 0.7467643022537231 0.585079550743103 0.49964046478271484 
39 0.5419806838035583 0.6614248156547546 0.19907724857330322 0.32609379291534424 
30 0.5387928485870361 0.6642415523529053 0.2061164677143097 0.33003851771354675 
19 0.5388175249099731 0.6639717221260071 0.20707514882087708 0.3339756727218628 
30 0.5350650548934937 0.6680831909179688 0.21155887842178345 0.338819682598114 
19 0.5382647514343262 0.6650717854499817 0.20433306694030762 0.33277130126953125 
47 0.5381514430046082 0.6648582816123962 0.20517218112945557 0.33171042799949646 
