30 0.3151736259460449 0.5839509963989258 0.14524388313293457 0.33897483348846436 
30 0.5005055665969849 0.4988480806350708 0.9989887475967407 0.9976961612701416 
30 0.5004988312721252 0.49925467371940613 0.9990023374557495 0.9981716871261597 
30 0.5426146984100342 0.5107241868972778 0.29594188928604126 0.5851451754570007 
30 0.31850746273994446 0.5737856030464172 0.1350579857826233 0.3188643157482147 
30 0.8701238036155701 0.6775289177894592 0.25975239276885986 0.6351581811904907 
28 0.8703864812850952 0.6772058010101318 0.25922709703445435 0.6364266872406006 
12 0.5005102157592773 0.4988272190093994 0.9989795684814453 0.9976544380187988 
21 0.6217678785324097 0.7224302887916565 0.30821743607521057 0.3000591993331909 
28 0.5004957914352417 0.4987127184867859 0.9990084171295166 0.9974254369735718 
