47 0.5057632923126221 0.4860820472240448 0.528670072555542 0.735479474067688 
47 0.428231418132782 0.4928480088710785 0.660929799079895 0.7511523365974426 
47 0.4637470841407776 0.39881595969200134 0.4582880735397339 0.5570831298828125 
47 0.46749937534332275 0.3949376940727234 0.4540420174598694 0.5513927936553955 
29 0.46614521741867065 0.39529117941856384 0.45095452666282654 0.5531914830207825 
19 0.4081106185913086 0.1687626838684082 0.10452407598495483 0.11369329690933228 
47 0.4656926989555359 0.3934746980667114 0.4509805738925934 0.5596766471862793 
30 0.4647473692893982 0.39404404163360596 0.45063820481300354 0.5551490783691406 
30 0.46686750650405884 0.39383968710899353 0.4543699026107788 0.5564520359039307 
29 0.46390360593795776 0.39444881677627563 0.4647431969642639 0.5649057626724243 
