30 0.2406965047121048 0.8035174608230591 0.2849404513835907 0.2823416590690613 
30 0.24109019339084625 0.8037521243095398 0.28727278113365173 0.2903820276260376 
19 0.370510071516037 0.7064698934555054 0.728756844997406 0.5700767040252686 
19 0.6715668439865112 0.5077362060546875 0.4875025451183319 0.9686940908432007 
47 0.6689379811286926 0.5071346759796143 0.48170366883277893 0.9675066471099854 
19 0.45466193556785583 0.5096611976623535 0.9034839272499084 0.9688903093338013 
47 0.6638158559799194 0.509382963180542 0.4848950207233429 0.9689267873764038 
30 0.6620490550994873 0.5087864398956299 0.489359974861145 0.9706137180328369 
42 0.6630079746246338 0.5096068382263184 0.48515865206718445 0.9705371856689453 
5 0.6624139547348022 0.5082576870918274 0.48570871353149414 0.9720185995101929 
