47 0.5004668235778809 0.49914756417274475 0.9990663528442383 0.9982951283454895 
47 0.500309944152832 0.499207079410553 0.9993801116943359 0.998414158821106 
19 0.5004153251647949 0.4991224706172943 0.9991692900657654 0.9982449412345886 
19 0.4709477722644806 0.5003070831298828 0.5782260894775391 0.9949558973312378 
19 0.47834542393684387 0.4992200434207916 0.5657699704170227 0.9967988729476929 
30 0.5004080533981323 0.49944913387298584 0.9991838932037354 0.9988982677459717 
22 0.5003947019577026 0.49903255701065063 0.9992104768753052 0.9980651140213013 
30 0.5001798868179321 0.4995238482952118 0.9991259574890137 0.9989566802978516 
30 0.47576409578323364 0.49913573265075684 0.5791337490081787 0.9973917007446289 
19 0.4771524965763092 0.49938204884529114 0.5732581615447998 0.9979282021522522 
