19 0.4769843518733978 0.5787795186042786 0.9516445994377136 0.8375704288482666 
19 0.462764710187912 0.5782910585403442 0.925529420375824 0.8346304893493652 
19 0.4664171636104584 0.582810640335083 0.9090490937232971 0.8286117315292358 
30 0.46499940752983093 0.5828952193260193 0.9130560159683228 0.830153226852417 
19 0.46337929368019104 0.5810893177986145 0.92066490650177 0.8290988206863403 
19 0.4654799699783325 0.5806881189346313 0.9241315126419067 0.8286455869674683 
39 0.4650466740131378 0.581550121307373 0.9155200719833374 0.8343870639801025 
29 0.4639366865158081 0.5793828368186951 0.9216028451919556 0.8308000564575195 
29 0.4631126821041107 0.5795339345932007 0.9190326929092407 0.8315219879150391 
39 0.46263107657432556 0.5811511278152466 0.9202436804771423 0.8342218399047852 
