37 0.357974112033844 0.40902388095855713 0.6896353960037231 0.8177179098129272 
30 0.3408356010913849 0.567882776260376 0.5624901056289673 0.49615734815597534 
47 0.4998578131198883 0.72065269947052 0.9996591806411743 0.5484660863876343 
7 0.2593005299568176 0.6336087584495544 0.3862729072570801 0.36482274532318115 
29 0.5605450868606567 0.4454454779624939 0.1253983974456787 0.25367292761802673 
29 0.5604512691497803 0.4478623867034912 0.12425461411476135 0.25473859906196594 
19 0.560058057308197 0.44923797249794006 0.12467420101165771 0.25591546297073364 
47 0.3589763343334198 0.34081828594207764 0.6840569972991943 0.6816365718841553 
19 0.2555815577507019 0.6340566873550415 0.3835633397102356 0.36980101466178894 
19 0.2530072331428528 0.6307517886161804 0.3920411467552185 0.3790661096572876 
