30 0.33087119460105896 0.7170215845108032 0.5208297967910767 0.5564494132995605 
47 0.9164534211158752 0.3796337842941284 0.1670931577682495 0.49344468116760254 
30 0.18917757272720337 0.7260560989379883 0.37835514545440674 0.543388843536377 
30 0.4146266579627991 0.718478798866272 0.3687663972377777 0.5559890270233154 
47 0.2952861189842224 0.7186999917030334 0.5905722379684448 0.5577489137649536 
24 0.19189217686653137 0.7396585941314697 0.38378435373306274 0.5142707824707031 
30 0.40931832790374756 0.7181785106658936 0.3632514178752899 0.5572577714920044 
30 0.19186533987522125 0.7232639789581299 0.3837306797504425 0.5503216981887817 
5 0.41013193130493164 0.7162816524505615 0.36230844259262085 0.5561518669128418 
5 0.702440619468689 0.1637338548898697 0.13092947006225586 0.3017045259475708 
