47 0.6770208477973938 0.5202254056930542 0.5902318954467773 0.9304827451705933 
47 0.5991137623786926 0.6084804534912109 0.43510591983795166 0.7481393814086914 
30 0.7754623889923096 0.17001084983348846 0.3976452350616455 0.2274622619152069 
47 0.5990614891052246 0.6084307432174683 0.43689584732055664 0.7495138645172119 
30 0.5994473099708557 0.6144852638244629 0.43302974104881287 0.7469347715377808 
30 0.5989425778388977 0.29736506938934326 0.2245464324951172 0.12485605478286743 
47 0.5986449122428894 0.6144957542419434 0.4284588098526001 0.7469998598098755 
47 0.5991233587265015 0.6137245297431946 0.43193376064300537 0.7449655532836914 
10 0.6812527179718018 0.522159993648529 0.5945962071418762 0.9350976943969727 
30 0.6000306010246277 0.6140322685241699 0.4335378408432007 0.7498437166213989 
