20 0.43835702538490295 0.6075807809829712 0.2294887900352478 0.6021914482116699 
47 0.49998611211776733 0.6552680730819702 0.9990984201431274 0.6827187538146973 
30 0.43876945972442627 0.6103386282920837 0.22428596019744873 0.5997405052185059 
30 0.44940513372421265 0.36445698142051697 0.0659267008304596 0.10671508312225342 
47 0.4398406744003296 0.6075114607810974 0.22434493899345398 0.5903557538986206 
40 0.43889275193214417 0.6096929311752319 0.22262519598007202 0.5875990390777588 
47 0.4999490976333618 0.7876874208450317 0.9987504482269287 0.4144941568374634 
21 0.4400012493133545 0.6070368885993958 0.22661757469177246 0.591416597366333 
30 0.5003905296325684 0.6829560995101929 0.9992189407348633 0.6257511377334595 
21 0.43947887420654297 0.6084896326065063 0.2229730784893036 0.5890672206878662 
