30 0.43592992424964905 0.4988064765930176 0.5916360020637512 0.9968258142471313 
30 0.4120299220085144 0.498648077249527 0.6478233337402344 0.9962193369865417 
19 0.7729611992835999 0.8805608153343201 0.4157602787017822 0.226873517036438 
19 0.7658142447471619 0.8787802457809448 0.4137920141220093 0.23470258712768555 
19 0.7120630741119385 0.8525649309158325 0.5632095336914062 0.28391820192337036 
19 0.43787017464637756 0.499324768781662 0.5881093740463257 0.9960123300552368 
19 0.43886658549308777 0.4996374547481537 0.5940443873405457 0.9964048862457275 
29 0.35296541452407837 0.23371022939682007 0.35237735509872437 0.46742045879364014 
20 0.43717384338378906 0.499140202999115 0.5945225954055786 0.9966262578964233 
39 0.4412729740142822 0.49954256415367126 0.5989794731140137 0.9955936670303345 
