30 0.3162505030632019 0.8467884063720703 0.6325010061264038 0.30155646800994873 
47 0.7799348831176758 0.44247886538505554 0.44013023376464844 0.8765740990638733 
19 0.787807822227478 0.4452567994594574 0.42438429594039917 0.8905135989189148 
47 0.7795726656913757 0.44503769278526306 0.44085466861724854 0.8832257390022278 
19 0.27394452691078186 0.7658986449241638 0.22940278053283691 0.16573596000671387 
30 0.4999055564403534 0.8378342986106873 0.9992207288742065 0.3162902593612671 
30 0.4999910891056061 0.84013831615448 0.9993326663970947 0.31422996520996094 
30 0.28475016355514526 0.7731267809867859 0.24005278944969177 0.16966795921325684 
30 0.2733568847179413 0.3959013521671295 0.5409954190254211 0.7877398133277893 
20 0.27205637097358704 0.4076254069805145 0.5370548963546753 0.815250813961029 
