19 0.3278195261955261 0.5010185241699219 0.6556390523910522 0.9883867502212524 
19 0.33217382431030273 0.5010521411895752 0.6643476486206055 0.9926522970199585 
29 0.3339039087295532 0.500291109085083 0.6673080921173096 0.9933134317398071 
7 0.5848174095153809 0.6070499420166016 0.7003918886184692 0.780553936958313 
29 0.8013438582420349 0.3389573097229004 0.29362261295318604 0.22047632932662964 
19 0.5881072282791138 0.6073936223983765 0.7039241790771484 0.7819840908050537 
19 0.582806408405304 0.6078106164932251 0.7113234996795654 0.7809946537017822 
29 0.3306270241737366 0.5005826950073242 0.6581006050109863 0.988361120223999 
7 0.3300689160823822 0.4998991787433624 0.6601378321647644 0.9900867342948914 
29 0.33161237835884094 0.49951693415641785 0.6632247567176819 0.9903026819229126 
