30 0.08364706486463547 0.4706955850124359 0.16729412972927094 0.5328260660171509 
30 0.16907458007335663 0.47132983803749084 0.33814916014671326 0.5235890746116638 
30 0.08546168357133865 0.47237616777420044 0.1709233671426773 0.541318416595459 
30 0.30454686284065247 0.8364143371582031 0.6037938594818115 0.3228451609611511 
30 0.8362149596214294 0.49887463450431824 0.17535972595214844 0.9977492690086365 
30 0.0835735872387886 0.4666188061237335 0.1671471744775772 0.5277061462402344 
30 0.835463285446167 0.5511103272438049 0.18046212196350098 0.8960927724838257 
28 0.3001962900161743 0.8327227830886841 0.5979892015457153 0.3206369876861572 
34 0.8343328833580017 0.549465537071228 0.17973577976226807 0.8965179920196533 
19 0.4964621067047119 0.4969457685947418 0.9929242134094238 0.9933212995529175 
