30 0.5725299119949341 0.2993296682834625 0.5165613889694214 0.4997273087501526 
47 0.5716508626937866 0.2993812561035156 0.50896155834198 0.4989769160747528 
47 0.7090321779251099 0.11015317589044571 0.15421491861343384 0.10540489852428436 
30 0.5712980031967163 0.2806929349899292 0.512553334236145 0.4577472507953644 
42 0.5725185871124268 0.2783116102218628 0.5164258480072021 0.45576971769332886 
47 0.5722508430480957 0.28037774562835693 0.5154261589050293 0.4590250849723816 
47 0.5725866556167603 0.27835243940353394 0.518797755241394 0.45752161741256714 
29 0.5761346817016602 0.30248817801475525 0.508820652961731 0.5032764673233032 
30 0.5746312141418457 0.2703254818916321 0.5138163566589355 0.45402371883392334 
30 0.5750672817230225 0.2711845636367798 0.5131244659423828 0.44891273975372314 
