19 0.37659233808517456 0.5867745280265808 0.1353040635585785 0.2000238001346588 
19 0.28253984451293945 0.6158099174499512 0.2932526469230652 0.2116929292678833 
19 0.38332879543304443 0.5826593637466431 0.1237250566482544 0.19548767805099487 
19 0.3918512463569641 0.5919833779335022 0.11318516731262207 0.19543755054473877 
19 0.2770083248615265 0.6126846671104431 0.29513853788375854 0.21757638454437256 
30 0.28170859813690186 0.614920437335968 0.3046448230743408 0.21251022815704346 
45 0.4982338547706604 0.7098803520202637 0.8698412179946899 0.39720433950424194 
29 0.26670193672180176 0.6201303005218506 0.29302871227264404 0.21336841583251953 
19 0.49786141514778137 0.7084538340568542 0.8769456148147583 0.3996392488479614 
0 0.27555668354034424 0.6025491952896118 0.2811843752861023 0.2409692406654358 
