47 0.5005559921264648 0.4552932679653168 0.9988878965377808 0.79351806640625 
47 0.4160963296890259 0.5635026693344116 0.2519117593765259 0.5358955264091492 
19 0.5009230375289917 0.450757771730423 0.9981539249420166 0.8061631917953491 
30 0.4224504232406616 0.5387653112411499 0.23813068866729736 0.4849538803100586 
30 0.4117467999458313 0.5659919381141663 0.2551993429660797 0.5387277603149414 
37 0.4224894344806671 0.536719024181366 0.23570245504379272 0.48234105110168457 
30 0.4211401343345642 0.5378534197807312 0.23578190803527832 0.48289695382118225 
19 0.42051246762275696 0.537139356136322 0.23548537492752075 0.48195210099220276 
19 0.4174136519432068 0.5376399159431458 0.24795964360237122 0.48540234565734863 
7 0.42118382453918457 0.5376371741294861 0.24076107144355774 0.4835408926010132 
