19 0.47200173139572144 0.4746493101119995 0.9440034627914429 0.6574356555938721 
19 0.6435666084289551 0.42878925800323486 0.31541210412979126 0.44949406385421753 
29 0.629788875579834 0.4047676920890808 0.287967711687088 0.4009053707122803 
30 0.6334738731384277 0.40413159132003784 0.29655078053474426 0.4163186550140381 
29 0.6308782696723938 0.4064180254936218 0.28589320182800293 0.40129292011260986 
19 0.6327765583992004 0.4034225344657898 0.29573988914489746 0.4102296233177185 
19 0.6285029649734497 0.4045261740684509 0.2837483882904053 0.4015073776245117 
37 0.6292682886123657 0.4052527844905853 0.2869328260421753 0.4036708474159241 
30 0.4873109459877014 0.48138150572776794 0.9746218919754028 0.6761531829833984 
29 0.6419400572776794 0.4229515492916107 0.30847838521003723 0.45107346773147583 
