19 0.40343213081359863 0.6369040012359619 0.327009916305542 0.7119479179382324 
19 0.4054323434829712 0.6360781788825989 0.3263610005378723 0.7063708305358887 
47 0.4047166109085083 0.6361923813819885 0.3276832103729248 0.7140059471130371 
19 0.3988139033317566 0.6343005895614624 0.33963027596473694 0.7177090644836426 
49 0.4037783443927765 0.6374884843826294 0.3287808299064636 0.7113891839981079 
10 0.40213972330093384 0.6377600431442261 0.3255274295806885 0.7105305194854736 
10 0.4049994945526123 0.6366939544677734 0.3261837363243103 0.7107038497924805 
30 0.4031114876270294 0.6350830793380737 0.3290790915489197 0.7118754386901855 
19 0.4033390283584595 0.6364213228225708 0.3269428610801697 0.7097572088241577 
19 0.40421199798583984 0.6366153955459595 0.3292410969734192 0.7094928026199341 
