30 0.4136885702610016 0.5736337900161743 0.8246022462844849 0.8229385614395142 
30 0.415853887796402 0.5731378793716431 0.823039174079895 0.8204755783081055 
30 0.41725465655326843 0.5723670721054077 0.8301166892051697 0.8246996402740479 
30 0.4136640131473541 0.5727009773254395 0.8261338472366333 0.8219691514968872 
30 0.4146399199962616 0.5726893544197083 0.8283035755157471 0.8258892297744751 
19 0.41752293705940247 0.5743168592453003 0.8292074203491211 0.82343590259552 
19 0.4144953489303589 0.5730770826339722 0.8281515836715698 0.8234727382659912 
30 0.4991420805454254 0.5783401727676392 0.9925391674041748 0.8335824012756348 
30 0.4168178141117096 0.5696921348571777 0.8263800740242004 0.823522686958313 
0 0.5010032653808594 0.5770264863967896 0.993743896484375 0.8322451710700989 
