30 0.41719362139701843 0.711441159248352 0.8300062417984009 0.5022441148757935 
30 0.41011613607406616 0.653235673904419 0.8156851530075073 0.617262065410614 
30 0.4998262822628021 0.8522278070449829 0.9994813203811646 0.2764548063278198 
30 0.40895840525627136 0.7064342498779297 0.8113672733306885 0.4943808317184448 
30 0.49979329109191895 0.8654904961585999 0.9995865821838379 0.2521247863769531 
40 0.41089746356010437 0.7239534854888916 0.8178183436393738 0.5037853717803955 
19 0.4998556077480316 0.7249438762664795 0.9995390176773071 0.5367599725723267 
30 0.4997963607311249 0.7943075895309448 0.9994553923606873 0.39347052574157715 
30 0.4997900128364563 0.8699062466621399 0.9995800256729126 0.24120259284973145 
30 0.5846078395843506 0.6495487689971924 0.2253437638282776 0.6069763898849487 
