30 0.38555288314819336 0.4897107481956482 0.42095133662223816 0.9718223810195923 
30 0.3397332429885864 0.4046424329280853 0.32704228162765503 0.7819222211837769 
30 0.2550617456436157 0.49270686507225037 0.5101234912872314 0.9798212051391602 
30 0.3469664454460144 0.41098448634147644 0.33764415979385376 0.8125559091567993 
19 0.34595614671707153 0.40866318345069885 0.3385664224624634 0.8089882731437683 
22 0.3456806540489197 0.4056084454059601 0.3370245099067688 0.8008489608764648 
30 0.3463232219219208 0.40848568081855774 0.339100182056427 0.8117381930351257 
30 0.34591174125671387 0.407764732837677 0.33927804231643677 0.8078845739364624 
30 0.3457677364349365 0.40665170550346375 0.33456331491470337 0.808242678642273 
19 0.3471496105194092 0.40668922662734985 0.34006640315055847 0.8086175918579102 
