47 0.46691784262657166 0.8485788106918335 0.9196392297744751 0.29162049293518066 
47 0.4978789985179901 0.2741777002811432 0.06855303049087524 0.22757887840270996 
19 0.6857098340988159 0.5396584272384644 0.32515430450439453 0.8310225009918213 
29 0.467563658952713 0.6834590435028076 0.9176554679870605 0.6219779253005981 
47 0.46863552927970886 0.5862909555435181 0.23432785272598267 0.4299745261669159 
47 0.6849991083145142 0.5386874675750732 0.32231831550598145 0.8245856761932373 
30 0.6883429884910583 0.5403070449829102 0.3169739246368408 0.8298304080963135 
29 0.46941137313842773 0.585675835609436 0.2335973083972931 0.4284399151802063 
19 0.46814778447151184 0.5844314694404602 0.2365139126777649 0.4366050958633423 
5 0.7286144495010376 0.24451665580272675 0.07628881931304932 0.13788434863090515 
