21 0.25690656900405884 0.27141305804252625 0.5138131380081177 0.2119169980287552 
30 0.6776847243309021 0.7482436299324036 0.29356300830841064 0.19437825679779053 
29 0.6014493703842163 0.3049401044845581 0.3246269226074219 0.359930157661438 
30 0.5014262199401855 0.5599681735038757 0.9887590408325195 0.8717857599258423 
47 0.5947479605674744 0.307985782623291 0.32011306285858154 0.36133337020874023 
30 0.259345680475235 0.26718997955322266 0.5147503614425659 0.20202651619911194 
30 0.2560882866382599 0.2748695909976959 0.5092682838439941 0.21487796306610107 
21 0.595928966999054 0.3074936866760254 0.32308435440063477 0.36447781324386597 
5 0.5022640228271484 0.7029699087142944 0.9861055612564087 0.5858672857284546 
30 0.6808432340621948 0.7477419376373291 0.2966883182525635 0.19269967079162598 
