19 0.46090757846832275 0.5435668230056763 0.1565428078174591 0.3057782053947449 
30 0.5009117126464844 0.4266984164714813 0.9981765747070312 0.6290105581283569 
30 0.4616467356681824 0.5445960760116577 0.15750658512115479 0.3094063401222229 
47 0.5003945827484131 0.4417668282985687 0.9992107152938843 0.6474298238754272 
7 0.4378843605518341 0.5179955363273621 0.12243443727493286 0.25740277767181396 
47 0.44154101610183716 0.5184107422828674 0.1185809075832367 0.2580283582210541 
37 0.4425129294395447 0.518760085105896 0.11927315592765808 0.2574605941772461 
29 0.447090744972229 0.5197113752365112 0.1386055052280426 0.27884531021118164 
19 0.4626019597053528 0.5456027388572693 0.15885815024375916 0.31294384598731995 
37 0.4423351287841797 0.5201666355133057 0.11827564239501953 0.2590618431568146 
