30 0.7082297801971436 0.3789689242839813 0.5739008784294128 0.7530750036239624 
30 0.6397667527198792 0.5198962688446045 0.4382007122039795 0.4782068729400635 
30 0.1765996366739273 0.49727997183799744 0.35230690240859985 0.9945599436759949 
30 0.6569399833679199 0.6317670345306396 0.6778512001037598 0.7207205295562744 
30 0.641838550567627 0.5193852782249451 0.4284019470214844 0.4752999246120453 
30 0.17943094670772552 0.7372462749481201 0.3583926856517792 0.5119013786315918 
30 0.6392728090286255 0.5172376036643982 0.43500208854675293 0.474021315574646 
19 0.638746976852417 0.5172309279441833 0.43296492099761963 0.4759373664855957 
30 0.17679791152477264 0.7379531860351562 0.3516307771205902 0.5100823640823364 
45 0.17946310341358185 0.49620744585990906 0.35508662462234497 0.9924148917198181 
