47 0.39798617362976074 0.6428240537643433 0.47062185406684875 0.5868809223175049 
47 0.3996468782424927 0.6438374519348145 0.473132461309433 0.5901926755905151 
20 0.2951946258544922 0.6402841806411743 0.27919572591781616 0.588829755783081 
30 0.7659264802932739 0.6366329193115234 0.4681469798088074 0.568846583366394 
20 0.2934091091156006 0.6416139602661133 0.27744418382644653 0.5866268873214722 
30 0.3917524218559265 0.5658210515975952 0.45788440108299255 0.7344604730606079 
30 0.7673012018203735 0.6374834775924683 0.4653976559638977 0.5655767321586609 
30 0.297505259513855 0.6424616575241089 0.2679145336151123 0.5848069190979004 
7 0.29935598373413086 0.6434071063995361 0.2649504542350769 0.5858572721481323 
7 0.29745301604270935 0.6410849094390869 0.26757681369781494 0.5834701061248779 
