19 0.7832838296890259 0.6621024012565613 0.4220160245895386 0.6522701978683472 
19 0.6026160717010498 0.6808820962905884 0.6203116178512573 0.6219568252563477 
29 0.5005316734313965 0.6684190034866333 0.9989367127418518 0.6416661739349365 
22 0.49782297015190125 0.6905666589736938 0.48787492513656616 0.6073538064956665 
29 0.5838667750358582 0.6861085891723633 0.602031946182251 0.6130064725875854 
19 0.50023353099823 0.6863822340965271 0.99953293800354 0.6180356740951538 
30 0.4711151123046875 0.6267369389533997 0.44550254940986633 0.7298849821090698 
7 0.48071953654289246 0.6985145807266235 0.42339807748794556 0.5863186120986938 
19 0.47858601808547974 0.6480379104614258 0.42181289196014404 0.6927295923233032 
29 0.4713706374168396 0.6970614790916443 0.4153066873550415 0.5940746068954468 
