47 0.7043901681900024 0.3731856346130371 0.39079540967941284 0.25424858927726746 
47 0.8206816911697388 0.9234095811843872 0.12816262245178223 0.14821219444274902 
20 0.7042789459228516 0.368707537651062 0.39399075508117676 0.2515190839767456 
37 0.0647660344839096 0.6055504679679871 0.12278882414102554 0.13854658603668213 
47 0.8265459537506104 0.9251306056976318 0.1266871690750122 0.14525926113128662 
47 0.7250999212265015 0.3731074035167694 0.3466297388076782 0.24897794425487518 
47 0.8454638123512268 0.3165751099586487 0.10486972332000732 0.08370062708854675 
30 0.4355684816837311 0.7566730976104736 0.10841655731201172 0.12019801139831543 
30 0.7227151393890381 0.36786311864852905 0.34900569915771484 0.2465658038854599 
47 0.7225940823554993 0.3706589341163635 0.35179436206817627 0.2547037601470947 
