30 0.8312034010887146 0.2289615124464035 0.16166675090789795 0.43938565254211426 
19 0.5251567959785461 0.4990958869457245 0.8408244848251343 0.9461134672164917 
34 0.5162617564201355 0.4971993863582611 0.8501495122909546 0.931283712387085 
30 0.39144831895828247 0.45877113938331604 0.6237602233886719 0.883618950843811 
30 0.5022209882736206 0.5037868022918701 0.9810601472854614 0.9497728943824768 
19 0.5091366767883301 0.49030014872550964 0.8674319982528687 0.9226920008659363 
30 0.5217005014419556 0.49910637736320496 0.8385934829711914 0.9498178958892822 
19 0.5126564502716064 0.4951361119747162 0.8589411973953247 0.9339683055877686 
19 0.5098037719726562 0.49441099166870117 0.8642768859863281 0.9342294931411743 
29 0.5215884447097778 0.4989657402038574 0.848569393157959 0.9470210075378418 
