47 0.7067465782165527 0.5782423615455627 0.5281444787979126 0.8291888236999512 
22 0.5003291368484497 0.4764364957809448 0.999341607093811 0.631436288356781 
30 0.7748746871948242 0.5769023895263672 0.4174332618713379 0.8375351428985596 
47 0.7743099331855774 0.5766089558601379 0.41418230533599854 0.8370218276977539 
47 0.49983569979667664 0.5791531801223755 0.9996713995933533 0.830315351486206 
7 0.8434186577796936 0.5797109007835388 0.25566720962524414 0.8323808908462524 
30 0.500281810760498 0.5771324038505554 0.9994363784790039 0.8350919485092163 
7 0.5002548694610596 0.5764198303222656 0.9994902014732361 0.8361473083496094 
30 0.8409479260444641 0.5765730142593384 0.2558377981185913 0.8354401588439941 
30 0.8406400084495544 0.5760917663574219 0.2559436559677124 0.8356683254241943 
