47 0.45908239483833313 0.537285327911377 0.9076059460639954 0.9219760894775391 
30 0.674809455871582 0.36448028683662415 0.327862024307251 0.5757279396057129 
30 0.4568103849887848 0.7067240476608276 0.9067583084106445 0.5837893486022949 
19 0.6755523681640625 0.36364439129829407 0.3289663791656494 0.5849193930625916 
47 0.4574204385280609 0.7045209407806396 0.9057378768920898 0.5888172388076782 
29 0.6776574850082397 0.36415985226631165 0.3243367671966553 0.5764981508255005 
5 0.25666195154190063 0.25908273458480835 0.49902069568634033 0.5181654691696167 
30 0.6748372912406921 0.3625626862049103 0.33261263370513916 0.5832664370536804 
19 0.6736076474189758 0.3653373122215271 0.33185553550720215 0.5685939788818359 
29 0.6767676472663879 0.36407729983329773 0.3277174234390259 0.5848424434661865 
