19 0.2606322467327118 0.4536583721637726 0.2574008107185364 0.397089421749115 
29 0.3906628489494324 0.48409920930862427 0.45159903168678284 0.4904908239841461 
19 0.4495268166065216 0.48131150007247925 0.36366456747055054 0.48826152086257935 
19 0.4728798270225525 0.6247555017471313 0.945759654045105 0.742375373840332 
19 0.4125944972038269 0.4860299825668335 0.42572087049484253 0.4966118037700653 
30 0.4762457013130188 0.6044760942459106 0.6864233016967773 0.7086963653564453 
19 0.45064252614974976 0.48343151807785034 0.3197246491909027 0.4544034004211426 
19 0.4577745199203491 0.4828800559043884 0.3068941831588745 0.4491390287876129 
28 0.2582654654979706 0.45428231358528137 0.25554031133651733 0.39511531591415405 
30 0.41748982667922974 0.4841203987598419 0.4194655418395996 0.49708443880081177 
