30 0.9254883527755737 0.55516117811203 0.14748185873031616 0.219873309135437 
30 0.4997914731502533 0.496200829744339 0.993209183216095 0.9881983995437622 
0 0.46325013041496277 0.5822042226791382 0.8182954788208008 0.4885038137435913 
30 0.46452969312667847 0.5819475650787354 0.8122446537017822 0.48288702964782715 
30 0.5339791774749756 0.7308089733123779 0.9320415258407593 0.519568681716919 
28 0.9238814115524292 0.5572230815887451 0.14962077140808105 0.21840474009513855 
30 0.46469035744667053 0.5824632048606873 0.8091624975204468 0.49217450618743896 
30 0.4793025851249695 0.5817779898643494 0.7902082204818726 0.4780024290084839 
19 0.5412261486053467 0.7282178401947021 0.9175477027893066 0.5195009708404541 
30 0.46799588203430176 0.5811418294906616 0.8206099271774292 0.47764718532562256 
