47 0.5500919818878174 0.5656846761703491 0.8991227149963379 0.8624918460845947 
19 0.5004926919937134 0.4978535771369934 0.9990146160125732 0.9957071542739868 
19 0.5023168325424194 0.4999876916408539 0.9950814247131348 0.9910293221473694 
29 0.5509880781173706 0.5645058155059814 0.8925142288208008 0.8640681505203247 
47 0.5478308200836182 0.5589867830276489 0.9043384790420532 0.8755360841751099 
7 0.5005315542221069 0.4984493553638458 0.9989368319511414 0.9938478469848633 
30 0.5456397533416748 0.5582131743431091 0.9087206125259399 0.8763988018035889 
7 0.5469506978988647 0.5577827095985413 0.906098484992981 0.8770697116851807 
29 0.5487702488899231 0.5597503185272217 0.9024595022201538 0.8708542585372925 
19 0.5511685013771057 0.5642232298851013 0.8970341682434082 0.8649998903274536 
