47 0.5107572078704834 0.4840255379676819 0.8534860014915466 0.9613045454025269 
20 0.842938244342804 0.24852009117603302 0.21748030185699463 0.4076729416847229 
47 0.325361967086792 0.48584073781967163 0.48613786697387695 0.96305251121521 
47 0.3203376531600952 0.48284411430358887 0.4862977862358093 0.9422636032104492 
47 0.32053083181381226 0.4825039803981781 0.48859548568725586 0.9419804811477661 
47 0.32644134759902954 0.48451271653175354 0.4857609272003174 0.9605528712272644 
47 0.3242047429084778 0.4830668866634369 0.48557960987091064 0.9606199264526367 
19 0.4741561710834503 0.13943716883659363 0.1169779896736145 0.16776475310325623 
19 0.3255770206451416 0.483491986989975 0.48554113507270813 0.9614803791046143 
19 0.5120533108711243 0.48381200432777405 0.8566490411758423 0.9606226682662964 
