30 0.5003724098205566 0.554015040397644 0.9992551803588867 0.8818527460098267 
30 0.2964407503604889 0.43653714656829834 0.5927152633666992 0.494115948677063 
30 0.3014269173145294 0.4400939345359802 0.6028538346290588 0.49121934175491333 
30 0.5003499984741211 0.5572385787963867 0.9993000030517578 0.879364013671875 
30 0.29656729102134705 0.43690383434295654 0.5931345820426941 0.4960843324661255 
5 0.5004274845123291 0.556837797164917 0.999144971370697 0.8776072263717651 
30 0.5003261566162109 0.4970349073410034 0.9993476867675781 0.9940698146820068 
28 0.25524669885635376 0.07401244342327118 0.3326018452644348 0.14802488684654236 
29 0.3010939061641693 0.43911826610565186 0.6021878123283386 0.49371764063835144 
30 0.5003745555877686 0.5556230545043945 0.9992508292198181 0.8791846036911011 
