30 0.5001243352890015 0.5586655139923096 0.9967300891876221 0.8604549169540405 
47 0.5001811981201172 0.5635888576507568 0.9961358308792114 0.8511567115783691 
47 0.500306248664856 0.7049567699432373 0.9954833984375 0.5724252462387085 
30 0.5853087902069092 0.5726901292800903 0.5888876914978027 0.3966505527496338 
47 0.3661065101623535 0.5038579702377319 0.09131404757499695 0.10798022150993347 
47 0.5581090450286865 0.588635265827179 0.5492029190063477 0.35867106914520264 
11 0.685009241104126 0.5457072257995605 0.3963613510131836 0.34314942359924316 
11 0.6843699216842651 0.5429039001464844 0.3887695074081421 0.34306561946868896 
47 0.6107470393180847 0.5612550377845764 0.5372039079666138 0.37758222222328186 
21 0.23967783153057098 0.2738025486469269 0.4677482843399048 0.536462664604187 
