47 0.5487040877342224 0.3634214699268341 0.8322107791900635 0.7253235578536987 
28 0.5494400858879089 0.4313768148422241 0.827072024345398 0.8627536296844482 
19 0.3101651668548584 0.6805343627929688 0.3326091468334198 0.3934233486652374 
47 0.3081362247467041 0.6780976057052612 0.3410314917564392 0.3941226005554199 
30 0.5574500560760498 0.36044248938560486 0.7992066144943237 0.7181210517883301 
39 0.30990833044052124 0.680729329586029 0.3352070152759552 0.3942219018936157 
30 0.36749762296676636 0.6713493466377258 0.22067129611968994 0.3919799327850342 
19 0.5033899545669556 0.7869383096694946 0.9548391103744507 0.36841821670532227 
47 0.3638785481452942 0.6724672913551331 0.2237478792667389 0.39131712913513184 
30 0.3133314847946167 0.6781747341156006 0.3284933865070343 0.39205342531204224 
