29 0.5342352986335754 0.6547349095344543 0.7300636768341064 0.6057206392288208 
47 0.5343219637870789 0.6555852890014648 0.7333632707595825 0.614789605140686 
19 0.5304282307624817 0.4436655044555664 0.20727238059043884 0.18853554129600525 
19 0.5341081619262695 0.6133358478546143 0.7249463796615601 0.6882813572883606 
47 0.5331990718841553 0.6885014772415161 0.7395799160003662 0.5468409061431885 
19 0.5335769057273865 0.6875243186950684 0.7359613180160522 0.5466984510421753 
37 0.5295377373695374 0.43866539001464844 0.21535420417785645 0.19975689053535461 
37 0.5294398069381714 0.4443618655204773 0.20093584060668945 0.1829981803894043 
30 0.36590391397476196 0.3810746371746063 0.14812475442886353 0.22150814533233643 
19 0.3662377893924713 0.3809974491596222 0.1473357081413269 0.22367191314697266 
