19 0.5888599157333374 0.5145218372344971 0.3523644804954529 0.7281615138053894 
37 0.5868470668792725 0.5136345624923706 0.353416383266449 0.7280240058898926 
47 0.6497101187705994 0.8036681413650513 0.23185813426971436 0.14432013034820557 
47 0.46882569789886475 0.4903208613395691 0.925136923789978 0.7054478526115417 
30 0.5002641677856445 0.6325268745422363 0.9968310594558716 0.7155095338821411 
30 0.5660098195075989 0.5005835890769958 0.3021146357059479 0.690003514289856 
47 0.5652992129325867 0.4984113574028015 0.3086610734462738 0.6972345113754272 
30 0.564453125 0.499223917722702 0.30607783794403076 0.6971234083175659 
47 0.5666487216949463 0.3906988799571991 0.27572906017303467 0.24089020490646362 
30 0.5660932660102844 0.49654749035835266 0.3061138093471527 0.696541965007782 
