30 0.5003715753555298 0.25918275117874146 0.9992568492889404 0.510917067527771 
28 0.5003550052642822 0.258879154920578 0.999289870262146 0.5114927291870117 
22 0.5003818273544312 0.25439396500587463 0.9992363452911377 0.5056076049804688 
30 0.5001568794250488 0.6723397970199585 0.9994357824325562 0.6478162407875061 
19 0.500381350517273 0.2531659007072449 0.9992373585700989 0.5063318014144897 
28 0.5003840923309326 0.2538992166519165 0.9992318153381348 0.5039775371551514 
22 0.5003762245178223 0.25446245074272156 0.9992475509643555 0.508785605430603 
30 0.5004366636276245 0.25275444984436035 0.999126672744751 0.5055088996887207 
30 0.5002144575119019 0.5731658935546875 0.9995710849761963 0.8381927609443665 
30 0.8464441299438477 0.3396945595741272 0.3071117401123047 0.357416570186615 
