30 0.846360445022583 0.6963667869567871 0.307279109954834 0.2720353603363037 
30 0.5367725491523743 0.8996317386627197 0.48702478408813477 0.19527941942214966 
30 0.8461284637451172 0.6915906071662903 0.3077430725097656 0.27492785453796387 
30 0.8458564877510071 0.6913824081420898 0.30828702449798584 0.27794480323791504 
34 0.4011155068874359 0.7384480237960815 0.25665467977523804 0.5196613073348999 
30 0.3998468518257141 0.5001319050788879 0.2475784718990326 0.9962737560272217 
30 0.847324788570404 0.6913305521011353 0.3053504228591919 0.2736377716064453 
19 0.3406011164188385 0.500426709651947 0.26720601320266724 0.9960715770721436 
19 0.8460440635681152 0.6964156627655029 0.30773353576660156 0.27201271057128906 
30 0.8451502323150635 0.6932582855224609 0.3075277805328369 0.2826000452041626 
