30 0.4633565843105316 0.7293099761009216 0.9233458042144775 0.5333836078643799 
30 0.3501972556114197 0.7151583433151245 0.32952582836151123 0.15972191095352173 
30 0.4639209806919098 0.7265759706497192 0.9238043427467346 0.535815954208374 
30 0.3584960103034973 0.6757476329803467 0.34857964515686035 0.14529716968536377 
30 0.4664522707462311 0.796258270740509 0.9328593015670776 0.39788055419921875 
30 0.3522271513938904 0.6782921552658081 0.3522624969482422 0.13011854887008667 
30 0.46256372332572937 0.7970148921012878 0.9224552512168884 0.3968997001647949 
30 0.4626038670539856 0.7969803810119629 0.9252077341079712 0.39804697036743164 
49 0.4648778736591339 0.7972865104675293 0.9280334711074829 0.39489316940307617 
30 0.4631924331188202 0.7295873165130615 0.9240322113037109 0.5314284563064575 
