47 0.5537793636322021 0.5085291862487793 0.36111485958099365 0.6689729690551758 
47 0.6771312355995178 0.3423766791820526 0.05948448181152344 0.12676090002059937 
37 0.5546285510063171 0.508975625038147 0.363483190536499 0.6728317737579346 
30 0.9336515665054321 0.2552793025970459 0.07274508476257324 0.29618918895721436 
30 0.5498083829879761 0.5975711345672607 0.3719574213027954 0.5023269057273865 
30 0.5613841414451599 0.4337184727191925 0.3226039409637451 0.5190519094467163 
30 0.46013587713241577 0.2624916732311249 0.09921804070472717 0.17595092952251434 
47 0.5603358745574951 0.43366846442222595 0.3212035894393921 0.5207703113555908 
47 0.5608593821525574 0.4332006871700287 0.3191198408603668 0.5208630561828613 
30 0.5618124604225159 0.4333907663822174 0.3244124948978424 0.5226608514785767 
