47 0.49980199337005615 0.5903927087783813 0.9996039867401123 0.8002123236656189 
47 0.8586248159408569 0.49095138907432556 0.1678609848022461 0.6054967641830444 
40 0.8605070114135742 0.48957881331443787 0.16700053215026855 0.6067871451377869 
40 0.49971747398376465 0.5880991220474243 0.9994349479675293 0.7964942455291748 
47 0.7545911073684692 0.5036698579788208 0.14957141876220703 0.5769232511520386 
21 0.5004017949104309 0.26643890142440796 0.9991964101791382 0.5328778028488159 
47 0.7510939240455627 0.5039551258087158 0.1519336700439453 0.5760858058929443 
30 0.7548575401306152 0.5039805769920349 0.14940094947814941 0.577507734298706 
47 0.5003098249435425 0.26274222135543823 0.9993804097175598 0.5254844427108765 
30 0.7534323334693909 0.503724217414856 0.15184414386749268 0.577267050743103 
