37 0.3159676790237427 0.5143816471099854 0.30365973711013794 0.39069682359695435 
47 0.3150898814201355 0.51324063539505 0.30507439374923706 0.3940441608428955 
47 0.49952852725982666 0.4898220896720886 0.9990570545196533 0.3482208251953125 
47 0.3162166476249695 0.4906085729598999 0.29706239700317383 0.35174477100372314 
19 0.31425344944000244 0.49246931076049805 0.3036356568336487 0.35504209995269775 
30 0.30273929238319397 0.35105234384536743 0.07877856492996216 0.06955134868621826 
19 0.31430336833000183 0.49294066429138184 0.3056573271751404 0.3542623817920685 
7 0.3148522675037384 0.4940558075904846 0.30341511964797974 0.35357609391212463 
30 0.3135879337787628 0.4916924834251404 0.3029440641403198 0.3559865951538086 
47 0.3205016255378723 0.489213764667511 0.3047914505004883 0.35559093952178955 
