19 0.4199903607368469 0.41039618849754333 0.8277221918106079 0.7694215774536133 
19 0.6283725500106812 0.4129968285560608 0.4372822046279907 0.7868596315383911 
19 0.6279764771461487 0.4109691083431244 0.42531633377075195 0.7813224196434021 
29 0.630473256111145 0.41513827443122864 0.4309042692184448 0.7863999605178833 
19 0.6257092356681824 0.4098711907863617 0.4246061146259308 0.7695316672325134 
19 0.6254929304122925 0.40947964787483215 0.4208540916442871 0.7697131633758545 
19 0.6983373165130615 0.2902061939239502 0.17561465501785278 0.2875887155532837 
7 0.6255987286567688 0.41162896156311035 0.42590558528900146 0.7806380987167358 
29 0.6253141760826111 0.4097399413585663 0.4218674898147583 0.7723709940910339 
29 0.625177800655365 0.40778425335884094 0.4226803779602051 0.7725131511688232 
