47 0.4702538847923279 0.6599724888801575 0.15094372630119324 0.5396560430526733 
20 0.4697434902191162 0.6604405045509338 0.14962780475616455 0.5388264656066895 
30 0.4998353123664856 0.692285418510437 0.9996232986450195 0.608129620552063 
19 0.4665520191192627 0.6584372520446777 0.14069855213165283 0.5424491167068481 
20 0.46790382266044617 0.6614534258842468 0.1398727297782898 0.540083646774292 
10 0.46716004610061646 0.6612012386322021 0.14068397879600525 0.5419014692306519 
19 0.4705890715122223 0.6604520678520203 0.15377992391586304 0.5414541959762573 
29 0.46739327907562256 0.6607047319412231 0.1410309076309204 0.53724205493927 
19 0.4670132100582123 0.6603071689605713 0.14196747541427612 0.5427917242050171 
19 0.46620234847068787 0.6543889045715332 0.15361732244491577 0.537582278251648 
