30 0.2880251407623291 0.3037245571613312 0.47440803050994873 0.6074491143226624 
30 0.2844209372997284 0.40548890829086304 0.4770442843437195 0.39216703176498413 
30 0.2847052216529846 0.4064478874206543 0.47427141666412354 0.39918816089630127 
30 0.2866612672805786 0.40646302700042725 0.466300368309021 0.39195582270622253 
30 0.28369492292404175 0.4060881733894348 0.4709250330924988 0.3898332118988037 
30 0.3689658045768738 0.4990136921405792 0.6226426362991333 0.9977713823318481 
30 0.37374043464660645 0.4990779757499695 0.6243323087692261 0.998155951499939 
0 0.37498483061790466 0.49891752004623413 0.6201276779174805 0.9978350400924683 
30 0.28446483612060547 0.4094771146774292 0.48510056734085083 0.3934027850627899 
30 0.28483501076698303 0.40686118602752686 0.47629183530807495 0.39739859104156494 
