47 0.4993758201599121 0.876747727394104 0.9960528612136841 0.23877179622650146 
30 0.5004616975784302 0.8772510886192322 0.9989886283874512 0.238838791847229 
5 0.49948859214782715 0.581344485282898 0.9975322484970093 0.8293789029121399 
30 0.3621405363082886 0.5322810411453247 0.6463492512702942 0.7318406105041504 
4 0.36654865741729736 0.5329940319061279 0.6346478462219238 0.7339318990707397 
21 0.698613166809082 0.4817769229412079 0.4712214171886444 0.5998663902282715 
47 0.36546656489372253 0.5314897298812866 0.6389738917350769 0.7310631275177002 
30 0.36508908867836 0.5324281454086304 0.6359490156173706 0.730576753616333 
19 0.34783637523651123 0.5289497375488281 0.6938638687133789 0.7291009426116943 
19 0.48978760838508606 0.5286015272140503 0.8937415480613708 0.7304953336715698 
