19 0.21575812995433807 0.44666212797164917 0.39151301980018616 0.706706166267395 
19 0.4267999827861786 0.22025631368160248 0.8251019716262817 0.4025570750236511 
19 0.2182772308588028 0.4455350935459137 0.3938027620315552 0.7082503437995911 
19 0.4312928020954132 0.21420763432979584 0.8177628517150879 0.39585983753204346 
19 0.6237020492553711 0.6057374477386475 0.6682721376419067 0.669985294342041 
19 0.6346098780632019 0.6083459854125977 0.6484843492507935 0.6603950262069702 
28 0.6228671669960022 0.6064886450767517 0.6684085130691528 0.6744760274887085 
19 0.8284648060798645 0.4444822072982788 0.28303229808807373 0.3249049186706543 
19 0.6289060115814209 0.6074944734573364 0.6732562780380249 0.6703345775604248 
19 0.6278142929077148 0.6049920320510864 0.6723359823226929 0.6678406000137329 
