30 0.6830376386642456 0.5275930762290955 0.5443035364151001 0.7242173552513123 
30 0.6791849136352539 0.5313503742218018 0.5446643829345703 0.7247962951660156 
30 0.545857846736908 0.3420325517654419 0.2734304964542389 0.3567020893096924 
47 0.7272482514381409 0.6790741086006165 0.4551786184310913 0.43164217472076416 
19 0.5974093675613403 0.4993634819984436 0.8024210929870605 0.9987269639968872 
29 0.7261890769004822 0.677478015422821 0.45678436756134033 0.4349578619003296 
20 0.7277796864509583 0.6775463223457336 0.456226110458374 0.43552255630493164 
29 0.726580798625946 0.6791712045669556 0.45768213272094727 0.4341009855270386 
49 0.5909639596939087 0.4993421733379364 0.7998868227005005 0.9986843466758728 
47 0.5458118319511414 0.3533182740211487 0.2663172483444214 0.37804725766181946 
