21 0.45287689566612244 0.6279975175857544 0.20468825101852417 0.49378708004951477 
30 0.5563605427742004 0.8195290565490723 0.43500638008117676 0.34817785024642944 
30 0.4521384835243225 0.7206277847290039 0.19740763306617737 0.29897499084472656 
30 0.5603771805763245 0.8968586921691895 0.43723154067993164 0.19589543342590332 
30 0.5586152076721191 0.7674843072891235 0.4376944303512573 0.4527023434638977 
30 0.2906540632247925 0.7742537260055542 0.44509202241897583 0.4486684799194336 
28 0.45728641748428345 0.5345137715339661 0.14698901772499084 0.31032034754753113 
12 0.5593394041061401 0.8960094451904297 0.4346117675304413 0.19670438766479492 
49 0.4273854196071625 0.34226250648498535 0.19846302270889282 0.6845250129699707 
30 0.4617041349411011 0.5333125591278076 0.14486262202262878 0.29853466153144836 
