30 0.48467883467674255 0.4096398651599884 0.9444835186004639 0.8171740770339966 
22 0.4868788421154022 0.40018361806869507 0.9538728594779968 0.8003672361373901 
30 0.4917076826095581 0.7896090745925903 0.9670777320861816 0.40288233757019043 
30 0.49374303221702576 0.416152685880661 0.9687275290489197 0.832305371761322 
22 0.4899033010005951 0.4127254784107208 0.9671019315719604 0.8252229690551758 
22 0.3305361568927765 0.6305937767028809 0.19545376300811768 0.3374044895172119 
30 0.4844079911708832 0.40988969802856445 0.9586539268493652 0.8197793960571289 
22 0.4903603494167328 0.40894457697868347 0.9592958688735962 0.8167586326599121 
30 0.48607203364372253 0.41442498564720154 0.9613423347473145 0.8180139064788818 
19 0.4850691854953766 0.39878585934638977 0.9496221542358398 0.7972584962844849 
