30 0.47491520643234253 0.5414685010910034 0.15845751762390137 0.5042986273765564 
47 0.4742005169391632 0.540317177772522 0.158025324344635 0.5021896362304688 
47 0.29916301369667053 0.7014554738998413 0.587511420249939 0.5809916257858276 
30 0.47236567735671997 0.5240954160690308 0.15605929493904114 0.4612354040145874 
47 0.2975335419178009 0.6417243480682373 0.5886385440826416 0.7056058645248413 
28 0.47461235523223877 0.5248376131057739 0.14828351140022278 0.4627509117126465 
28 0.47276341915130615 0.5194171667098999 0.15969514846801758 0.4669659733772278 
30 0.4451589584350586 0.32459551095962524 0.04926303029060364 0.07459411025047302 
30 0.47404372692108154 0.5198689103126526 0.15757450461387634 0.46105584502220154 
30 0.4734589159488678 0.5204054117202759 0.15762263536453247 0.46161675453186035 
