30 0.6221672296524048 0.4654243290424347 0.7437002062797546 0.9247231483459473 
30 0.12972231209278107 0.5006909370422363 0.25944462418556213 0.8414043188095093 
28 0.5305346250534058 0.5117071270942688 0.5777431726455688 0.8370345830917358 
30 0.8610292077064514 0.500241219997406 0.27794158458709717 0.721545934677124 
7 0.5103980302810669 0.5491368174552917 0.941641092300415 0.8862930536270142 
30 0.5215637683868408 0.5149240493774414 0.5236055850982666 0.8091922998428345 
28 0.13489076495170593 0.4975157678127289 0.26978152990341187 0.829500675201416 
30 0.45900794863700867 0.5106955766677856 0.7119907140731812 0.8307702541351318 
19 0.1360035240650177 0.49696192145347595 0.2720070481300354 0.832541823387146 
30 0.627145528793335 0.5095208883285522 0.7455846667289734 0.8259705305099487 
