47 0.5549875497817993 0.6820744276046753 0.38071805238723755 0.29995131492614746 
30 0.45540904998779297 0.6817176342010498 0.1950516700744629 0.29594719409942627 
30 0.3379361033439636 0.699654221534729 0.38587164878845215 0.281949520111084 
47 0.45839226245880127 0.6899856328964233 0.32276737689971924 0.2748379707336426 
30 0.3407614231109619 0.7325104475021362 0.3858290910720825 0.20332062244415283 
19 0.45206981897354126 0.6807026267051697 0.19901704788208008 0.2961183786392212 
30 0.3287467956542969 0.6946666240692139 0.3538713753223419 0.2768673300743103 
47 0.3685768246650696 0.6912693381309509 0.15720784664154053 0.26604485511779785 
47 0.4509924650192261 0.6815875172615051 0.19940230250358582 0.2972980737686157 
39 0.3646349012851715 0.6907928586006165 0.15952783823013306 0.2699321508407593 
