30 0.5203498601913452 0.6568996906280518 0.649851381778717 0.6283425092697144 
30 0.46889349818229675 0.7131494283676147 0.5539878606796265 0.4241938591003418 
47 0.6999099254608154 0.6692370176315308 0.2925138473510742 0.6554465293884277 
5 0.5225985050201416 0.6313767433166504 0.8482584953308105 0.6754586696624756 
5 0.20788680016994476 0.6526087522506714 0.23589655756950378 0.6720631122589111 
30 0.8582028150558472 0.6004018187522888 0.1621861457824707 0.4536869525909424 
30 0.46747007966041565 0.6974698901176453 0.5500848293304443 0.45083215832710266 
39 0.33338823914527893 0.5653753876686096 0.09709590673446655 0.056818366050720215 
5 0.47210702300071716 0.7030845284461975 0.5532363653182983 0.41158318519592285 
30 0.47154638171195984 0.7089742422103882 0.5510200262069702 0.4212571382522583 
