39 0.6311646699905396 0.7526513338088989 0.553278923034668 0.471621572971344 
47 0.8080959320068359 0.7014226913452148 0.37464088201522827 0.5836927890777588 
47 0.7537945508956909 0.6886670589447021 0.340048611164093 0.5596210956573486 
43 0.6324516534805298 0.7468355894088745 0.5520997047424316 0.47307682037353516 
43 0.774945080280304 0.6913818120956421 0.2939457893371582 0.5697536468505859 
30 0.1631970852613449 0.7382923364639282 0.3242087960243225 0.5196845531463623 
47 0.6679034233093262 0.6944603323936462 0.5822076797485352 0.3721052408218384 
19 0.7738131284713745 0.6892260909080505 0.30146825313568115 0.5565183162689209 
30 0.7721930742263794 0.6914042830467224 0.30204999446868896 0.5595477819442749 
30 0.7717934846878052 0.6913170218467712 0.3006713390350342 0.5580264329910278 
