30 0.5442267060279846 0.752083420753479 0.3028820753097534 0.16511934995651245 
30 0.6627500653266907 0.28168267011642456 0.34740006923675537 0.3131881654262543 
20 0.6578744053840637 0.34220388531684875 0.18042469024658203 0.1989496350288391 
19 0.5428401827812195 0.7534669637680054 0.3090001344680786 0.16623550653457642 
30 0.6586859822273254 0.3387661874294281 0.17621934413909912 0.19334065914154053 
47 0.6048481464385986 0.30078595876693726 0.12198662757873535 0.14401747286319733 
30 0.5427631735801697 0.7526910305023193 0.30951595306396484 0.16821002960205078 
47 0.659021258354187 0.34034138917922974 0.1785118579864502 0.19746707379817963 
42 0.6655945777893066 0.24576956033706665 0.3423846960067749 0.24857299029827118 
19 0.5416152477264404 0.7520298957824707 0.30372312664985657 0.16546374559402466 
