5 0.5024091005325317 0.45762237906455994 0.05880779027938843 0.1601429581642151 
47 0.717877984046936 0.7543830871582031 0.5642440915107727 0.4845096468925476 
5 0.4492812752723694 0.4619264304637909 0.07715368270874023 0.15010017156600952 
5 0.7137438058853149 0.7538256645202637 0.5725123286247253 0.4867551922798157 
5 0.6538046598434448 0.7603447437286377 0.6923906803131104 0.47427183389663696 
5 0.46328005194664 0.706062912940979 0.2507959008216858 0.4083014130592346 
47 0.7506123185157776 0.8337428569793701 0.4979889392852783 0.32649362087249756 
5 0.2654424011707306 0.7401235103607178 0.4006197452545166 0.47045356035232544 
29 0.39456069469451904 0.7545850872993469 0.17508256435394287 0.4532277584075928 
5 0.7687454223632812 0.625626802444458 0.46132397651672363 0.22237813472747803 
