19 0.3880966007709503 0.5038450956344604 0.5870261192321777 0.9197094440460205 
47 0.49489283561706543 0.505831241607666 0.38930368423461914 0.916019082069397 
47 0.48789504170417786 0.5022885203361511 0.38058775663375854 0.913050651550293 
47 0.4881781339645386 0.5031307935714722 0.38537096977233887 0.915425181388855 
47 0.488695353269577 0.5029693841934204 0.3863682150840759 0.9164687395095825 
19 0.4882490634918213 0.5047600269317627 0.3839890956878662 0.9190611243247986 
19 0.48798030614852905 0.5043228268623352 0.3865933418273926 0.9146584272384644 
49 0.48394519090652466 0.5043860673904419 0.39385712146759033 0.9183919429779053 
29 0.48796531558036804 0.5023454427719116 0.38475900888442993 0.9143643379211426 
19 0.4921554923057556 0.5028377771377563 0.3825301229953766 0.9158375859260559 
