30 0.7054574489593506 0.48087450861930847 0.1550750732421875 0.24384170770645142 
39 0.5218584537506104 0.8458516597747803 0.5360426902770996 0.2979065775871277 
47 0.7107158899307251 0.4790821671485901 0.12945079803466797 0.23101627826690674 
30 0.5105912685394287 0.8621364831924438 0.5280055999755859 0.2667847275733948 
30 0.5005239844322205 0.49909302592277527 0.998663067817688 0.9980692267417908 
21 0.5004525184631348 0.4991453289985657 0.9990402460098267 0.9982906579971313 
24 0.5114918351173401 0.8672999739646912 0.5258642435073853 0.25470244884490967 
30 0.6119060516357422 0.6764590740203857 0.3351297974586487 0.6375336647033691 
30 0.5477374792098999 0.8967707753181458 0.1977919042110443 0.19533348083496094 
21 0.5119248628616333 0.8509999513626099 0.5328704118728638 0.2891358733177185 
