29 0.5185797214508057 0.2997574210166931 0.27994194626808167 0.5995148420333862 
19 0.4435029625892639 0.4813470244407654 0.30738532543182373 0.3568129539489746 
7 0.19923293590545654 0.3204752206802368 0.08570697903633118 0.1631677895784378 
7 0.45696431398391724 0.4821450710296631 0.3367084562778473 0.3609555959701538 
29 0.6988398432731628 0.3039464056491852 0.3484107255935669 0.6025856137275696 
19 0.3510664105415344 0.4848109483718872 0.1374947428703308 0.36930587887763977 
28 0.46523618698120117 0.33274373412132263 0.3598180115222931 0.6645341515541077 
19 0.4843973219394684 0.47910186648368835 0.39347511529922485 0.3567071557044983 
7 0.35104331374168396 0.484252393245697 0.13735777139663696 0.37092986702919006 
7 0.3509041666984558 0.4795888066291809 0.1203174889087677 0.3527723252773285 
