47 0.4598745107650757 0.36301183700561523 0.4983714818954468 0.2887871563434601 
30 0.45575568079948425 0.3882230520248413 0.5144966840744019 0.34883177280426025 
19 0.43266797065734863 0.5104255080223083 0.45351099967956543 0.11335086822509766 
30 0.4600616693496704 0.36187121272087097 0.49897003173828125 0.2834317088127136 
47 0.4611188769340515 0.36261606216430664 0.4949699640274048 0.28888943791389465 
29 0.45891273021698 0.36091548204421997 0.4980475902557373 0.2870883345603943 
29 0.4596441388130188 0.36415064334869385 0.49999722838401794 0.2939850986003876 
19 0.4592180550098419 0.3654624819755554 0.5010311007499695 0.2880418300628662 
30 0.459665983915329 0.36173272132873535 0.5049684047698975 0.2802307903766632 
19 0.46028774976730347 0.36376041173934937 0.49564695358276367 0.28301477432250977 
