30 0.46020713448524475 0.5760369300842285 0.8987182378768921 0.35933494567871094 
30 0.5063672065734863 0.555462121963501 0.9865919947624207 0.48485228419303894 
30 0.7073529958724976 0.9484402537345886 0.07548010349273682 0.09684598445892334 
22 0.5087159872055054 0.5555140376091003 0.9823532104492188 0.4869232177734375 
30 0.4597807228565216 0.4697234332561493 0.8855970501899719 0.5766983032226562 
30 0.4617762565612793 0.5798518061637878 0.8890241384506226 0.3603581190109253 
30 0.04833787679672241 0.8988164663314819 0.0777503252029419 0.12307369709014893 
30 0.49794909358024597 0.4070509374141693 0.34798258543014526 0.798231303691864 
30 0.4675198793411255 0.5788605809211731 0.8999369144439697 0.36397233605384827 
30 0.4427414834499359 0.5766278505325317 0.8784193396568298 0.36022865772247314 
