30 0.3525005877017975 0.46157822012901306 0.6882116794586182 0.9220759272575378 
30 0.808846116065979 0.38979223370552063 0.3788296580314636 0.7715794444084167 
30 0.34642526507377625 0.463176965713501 0.6853729486465454 0.926353931427002 
18 0.4999755322933197 0.8447641134262085 0.9993765354156494 0.30293601751327515 
30 0.3305191695690155 0.46067115664482117 0.6561514139175415 0.9210240840911865 
30 0.8468908667564392 0.38568341732025146 0.30567455291748047 0.7713668346405029 
30 0.6049593687057495 0.6725386381149292 0.1547197699546814 0.47649499773979187 
30 0.34657999873161316 0.46164628863334656 0.6824830770492554 0.9226290583610535 
30 0.3210601210594177 0.6306849718093872 0.049566805362701416 0.6779121160507202 
30 0.34589967131614685 0.8984542489051819 0.6643608212471008 0.19096243381500244 
