30 0.3957943618297577 0.4992234408855438 0.7761779427528381 0.9916371703147888 
42 0.3944489359855652 0.499206006526947 0.7802389860153198 0.9911808967590332 
30 0.5045709609985352 0.5350385308265686 0.5369693040847778 0.31521475315093994 
30 0.5027503967285156 0.6628080606460571 0.5355901718139648 0.5482642650604248 
30 0.5052675008773804 0.6599119901657104 0.5283839702606201 0.5597928166389465 
30 0.5002615451812744 0.6621195077896118 0.5300072431564331 0.5522909164428711 
0 0.36246755719184875 0.36465710401535034 0.7249351143836975 0.6841991543769836 
30 0.5246497988700867 0.6523406505584717 0.5694504976272583 0.5470831394195557 
20 0.49332472681999207 0.21408537030220032 0.4608764052391052 0.3775573968887329 
7 0.5063186883926392 0.5241585373878479 0.5423495769500732 0.294045090675354 
