19 0.5285861492156982 0.5440715551376343 0.9428276419639587 0.9034368991851807 
47 0.5289616584777832 0.5455277562141418 0.9415005445480347 0.9038865566253662 
29 0.5227632522583008 0.5461829900741577 0.9471762180328369 0.899144172668457 
19 0.5182424783706665 0.5485601425170898 0.9635151028633118 0.9028797149658203 
13 0.5172147750854492 0.5474228262901306 0.9655704498291016 0.9039558172225952 
19 0.5209899544715881 0.5460433959960938 0.9484654664993286 0.9006487131118774 
39 0.5210863351821899 0.5463859438896179 0.9487665891647339 0.9006791114807129 
19 0.26091158390045166 0.2313041090965271 0.35830578207969666 0.28143510222435 
19 0.5253760814666748 0.5463695526123047 0.9492478370666504 0.8988254070281982 
29 0.5219720602035522 0.5454496145248413 0.9479374885559082 0.9011777639389038 
