19 0.6316615343093872 0.5680023431777954 0.7340178489685059 0.8580549955368042 
13 0.630221962928772 0.5679342746734619 0.7350014448165894 0.8583592176437378 
47 0.6306790113449097 0.5690009593963623 0.7375606298446655 0.8580025434494019 
19 0.6371651291847229 0.5667012929916382 0.7237123250961304 0.8553556203842163 
19 0.633552074432373 0.5671353340148926 0.7328613996505737 0.8570232391357422 
20 0.6357043981552124 0.5679149627685547 0.7231110334396362 0.854372501373291 
21 0.6324374675750732 0.5688244104385376 0.7346726655960083 0.8563085794448853 
19 0.6347780227661133 0.5676929354667664 0.7269101142883301 0.8547682762145996 
19 0.6325497031211853 0.5697104930877686 0.7349005937576294 0.856401801109314 
47 0.6308491230010986 0.5693140029907227 0.7350738048553467 0.8565090894699097 
