30 0.5005015134811401 0.5006667375564575 0.9989500045776367 0.9787893295288086 
19 0.5779339075088501 0.3558630049228668 0.31804490089416504 0.6841128468513489 
29 0.4764192998409271 0.3704530894756317 0.5178539156913757 0.7233297824859619 
19 0.5006541013717651 0.4994252920150757 0.9986917972564697 0.9892106056213379 
37 0.5004420280456543 0.4978729784488678 0.9991159439086914 0.9942613840103149 
19 0.47460344433784485 0.3698536157608032 0.5222816467285156 0.7215261459350586 
29 0.5775117874145508 0.3575053811073303 0.3133584260940552 0.6806735992431641 
37 0.5771493315696716 0.34978359937667847 0.31112924218177795 0.6769872903823853 
21 0.578126847743988 0.3512088656425476 0.30839860439300537 0.6762977838516235 
7 0.5781940221786499 0.3522075116634369 0.31715595722198486 0.6843527555465698 
