47 0.6121761202812195 0.5567654371261597 0.2192668914794922 0.872560977935791 
19 0.49995946884155273 0.4989756941795349 0.9989562034606934 0.9979513883590698 
47 0.6218186616897583 0.5524029731750488 0.22638535499572754 0.8903449773788452 
19 0.6140950322151184 0.5577774047851562 0.2139531373977661 0.8758442401885986 
19 0.6588457226753235 0.2151797115802765 0.16160380840301514 0.21453726291656494 
19 0.6133776307106018 0.5568664073944092 0.21724426746368408 0.8752973079681396 
19 0.6120004057884216 0.5552353858947754 0.21926558017730713 0.8757537603378296 
19 0.6217315793037415 0.5530871152877808 0.22598040103912354 0.8877754211425781 
29 0.6154760718345642 0.5568746328353882 0.21488511562347412 0.8765202760696411 
7 0.6220989227294922 0.5546282529830933 0.23362094163894653 0.8778848648071289 
