47 0.8627182245254517 0.6419970989227295 0.2460803985595703 0.703629195690155 
21 0.8676193952560425 0.8417291641235352 0.23941630125045776 0.3084198832511902 
19 0.849339485168457 0.833629310131073 0.2746050953865051 0.32091331481933594 
47 0.17899055778980255 0.8691723942756653 0.2945295572280884 0.25240862369537354 
21 0.20287516713142395 0.6435703635215759 0.322673499584198 0.39070022106170654 
47 0.20526473224163055 0.6447076797485352 0.3221595883369446 0.3893294334411621 
47 0.7513088583946228 0.4150538146495819 0.19862902164459229 0.38587790727615356 
24 0.19397543370723724 0.6453944444656372 0.3119649887084961 0.3960775136947632 
30 0.21134762465953827 0.6512545943260193 0.3324205279350281 0.40004655718803406 
30 0.20182007551193237 0.720259428024292 0.3246069848537445 0.5323927998542786 
