30 0.7566118836402893 0.7505297660827637 0.48290693759918213 0.48482227325439453 
30 0.26740559935569763 0.603155791759491 0.5268497467041016 0.7847509384155273 
30 0.4543784260749817 0.29125428199768066 0.66156005859375 0.5695667266845703 
29 0.7589349150657654 0.7029785513877869 0.4807698726654053 0.5821354389190674 
39 0.2631362974643707 0.6009829044342041 0.5178881287574768 0.7894282341003418 
30 0.7659200429916382 0.7025582790374756 0.4611928462982178 0.5825944542884827 
39 0.2908185124397278 0.589637279510498 0.26381561160087585 0.22759997844696045 
29 0.26439765095710754 0.6042370200157166 0.523138701915741 0.7821033000946045 
19 0.29080724716186523 0.5880118012428284 0.2604440450668335 0.22739136219024658 
30 0.29498785734176636 0.5845725536346436 0.25114887952804565 0.22131848335266113 
