47 0.5005604028701782 0.5567344427108765 0.9988791942596436 0.8840242624282837 
40 0.5315142869949341 0.5567580461502075 0.2988775968551636 0.8794875144958496 
19 0.5317044854164124 0.5558772683143616 0.29887285828590393 0.8805664777755737 
47 0.533913791179657 0.5531054735183716 0.2947746515274048 0.8820956945419312 
19 0.4283190369606018 0.5580186247825623 0.5070309638977051 0.8810200691223145 
47 0.500594973564148 0.5563561916351318 0.9982967376708984 0.881393551826477 
47 0.5325906276702881 0.5535093545913696 0.28614985942840576 0.8826596140861511 
20 0.5314578413963318 0.557178795337677 0.2964209318161011 0.8789178133010864 
47 0.5327765941619873 0.5563415288925171 0.2986876964569092 0.8808684349060059 
19 0.5311211347579956 0.5570017099380493 0.29725074768066406 0.8819562792778015 
