30 0.8847785592079163 0.2766450345516205 0.18439817428588867 0.36274904012680054 
30 0.500352144241333 0.7181880474090576 0.9992763996124268 0.5595135688781738 
30 0.48033979535102844 0.8123167157173157 0.32440513372421265 0.2795708179473877 
19 0.5003347992897034 0.5853109955787659 0.9992944002151489 0.8227791786193848 
30 0.4771501123905182 0.8183714151382446 0.32370656728744507 0.2571771740913391 
30 0.47911444306373596 0.8126703500747681 0.32231730222702026 0.2787558436393738 
0 0.5003174543380737 0.7186827659606934 0.9991905689239502 0.5604952573776245 
30 0.47991013526916504 0.8218088150024414 0.31974223256111145 0.2623634338378906 
30 0.4903249740600586 0.42862194776535034 0.4497957229614258 0.5151686668395996 
30 0.5002774000167847 0.7179238796234131 0.999159574508667 0.5583245754241943 
