39 0.29350996017456055 0.6402170062065125 0.546994686126709 0.7010581493377686 
47 0.264251172542572 0.6061174869537354 0.47690635919570923 0.634562611579895 
47 0.29205799102783203 0.6324746608734131 0.5419864654541016 0.7233070731163025 
19 0.2492571324110031 0.5942133665084839 0.44432687759399414 0.6359760761260986 
30 0.31283584237098694 0.639132022857666 0.5001605153083801 0.7045539617538452 
47 0.25648078322410583 0.5993046760559082 0.4458443522453308 0.6407302618026733 
47 0.2579309940338135 0.6037920713424683 0.46828693151474 0.6367905139923096 
19 0.24398015439510345 0.5952757596969604 0.42906713485717773 0.6372374296188354 
19 0.25866878032684326 0.6023763418197632 0.4687574505805969 0.6371276378631592 
19 0.25562387704849243 0.5984177589416504 0.45335978269577026 0.6412104368209839 
