30 0.4800334870815277 0.479280024766922 0.7163546681404114 0.9184029698371887 
28 0.48163124918937683 0.4775802791118622 0.7147344350814819 0.9133648872375488 
30 0.4825882613658905 0.47811630368232727 0.7145094871520996 0.9142725467681885 
30 0.5594099760055542 0.5094722509384155 0.8811799883842468 0.9761202335357666 
30 0.48068997263908386 0.478423148393631 0.721820056438446 0.9175491333007812 
30 0.4818938076496124 0.47978073358535767 0.7177392244338989 0.9169671535491943 
30 0.48113203048706055 0.48547816276550293 0.7209570407867432 0.923395037651062 
30 0.48071998357772827 0.478365033864975 0.7160930633544922 0.9180454015731812 
30 0.5589444637298584 0.5026470422744751 0.8791503310203552 0.9604285359382629 
19 0.48021572828292847 0.47927024960517883 0.7228927612304688 0.9143954515457153 
