30 0.6706295013427734 0.4196074903011322 0.5251947045326233 0.5641058683395386 
30 0.6571592688560486 0.682221531867981 0.28343307971954346 0.1547272801399231 
20 0.6520406007766724 0.677463710308075 0.29086899757385254 0.16563618183135986 
30 0.4999263286590576 0.800298810005188 0.9986599683761597 0.3861663341522217 
7 0.5174809098243713 0.6751586198806763 0.22443032264709473 0.6461897492408752 
28 0.5080844163894653 0.5606627464294434 0.2505483627319336 0.8694945573806763 
19 0.5071441531181335 0.5610068440437317 0.2525380849838257 0.8633184432983398 
30 0.6032233238220215 0.5581616163253784 0.3947959244251251 0.39906829595565796 
20 0.7233558893203735 0.43661436438560486 0.4143109917640686 0.6463332176208496 
19 0.7602208256721497 0.4201420247554779 0.32067859172821045 0.5631534457206726 
