7 0.7635735869407654 0.4009220004081726 0.23093736171722412 0.3015219271183014 
47 0.7238684892654419 0.4023245573043823 0.14723122119903564 0.30260705947875977 
47 0.08867430686950684 0.5325916409492493 0.17734861373901367 0.47355759143829346 
47 0.6323651075363159 0.5204352736473083 0.20490193367004395 0.5772342681884766 
30 0.6292080283164978 0.5188432335853577 0.20945143699645996 0.571091890335083 
30 0.6203019618988037 0.2852671444416046 0.06197202205657959 0.09972484409809113 
47 0.6304631233215332 0.5194966793060303 0.20763802528381348 0.5695734024047852 
47 0.6309008598327637 0.5181502103805542 0.21083152294158936 0.5690178871154785 
39 0.6320561170578003 0.5187464952468872 0.2088775634765625 0.5720654726028442 
47 0.08812111616134644 0.5316773056983948 0.17624223232269287 0.4713987112045288 
