28 0.9236116409301758 0.5353913307189941 0.15277665853500366 0.9250965118408203 
19 0.9230828881263733 0.8000719547271729 0.14733314514160156 0.3873993158340454 
19 0.920299768447876 0.7431243658065796 0.15858572721481323 0.5022205710411072 
30 0.9258096814155579 0.7291358709335327 0.14648354053497314 0.529306948184967 
28 0.5005820989608765 0.4990071654319763 0.9988358616828918 0.9980143308639526 
21 0.9241524934768677 0.7996551394462585 0.14482736587524414 0.38621747493743896 
19 0.9225015640258789 0.7695879340171814 0.1546308398246765 0.4500691890716553 
28 0.9238941669464111 0.5287328958511353 0.1522117257118225 0.9293790459632874 
5 0.07370633631944656 0.4339200556278229 0.14741267263889313 0.6625618934631348 
19 0.11645001173019409 0.43518194556236267 0.18532145023345947 0.6564779877662659 
