47 0.46416956186294556 0.5167456269264221 0.4463447630405426 0.4168274402618408 
47 0.43045997619628906 0.5873410701751709 0.8609199523925781 0.5568137764930725 
21 0.34706419706344604 0.5163470506668091 0.2123432755470276 0.4192802906036377 
39 0.6229476928710938 0.5318673253059387 0.13768017292022705 0.36501169204711914 
19 0.500348687171936 0.4964347183704376 0.9993027448654175 0.9928694367408752 
40 0.3468388617038727 0.5159068703651428 0.21139013767242432 0.41510653495788574 
4 0.3619879484176636 0.37526506185531616 0.06609845161437988 0.11546239256858826 
47 0.34753596782684326 0.5168931484222412 0.2157638669013977 0.41708409786224365 
30 0.61879563331604 0.5306224822998047 0.1379777193069458 0.374006062746048 
30 0.3448989689350128 0.5176376104354858 0.21457844972610474 0.42166757583618164 
