47 0.7722982168197632 0.41426074504852295 0.45540350675582886 0.8239661455154419 
30 0.4033181071281433 0.4590260088443756 0.8034334182739258 0.8579866886138916 
47 0.4869926869869232 0.7327848672866821 0.6093167066574097 0.34691643714904785 
47 0.4999527931213379 0.7806623578071594 0.999653697013855 0.43173301219940186 
30 0.4042607247829437 0.45928600430488586 0.8054032325744629 0.8615458607673645 
13 0.21627220511436462 0.42739132046699524 0.43002063035964966 0.8007078766822815 
13 0.21388772130012512 0.5563294291496277 0.4230947494506836 0.5266026258468628 
21 0.7712333798408508 0.4141484200954437 0.45753324031829834 0.8258626461029053 
19 0.21795952320098877 0.4276244640350342 0.431272029876709 0.7911367416381836 
30 0.7714938521385193 0.4144646227359772 0.4570122957229614 0.8206871747970581 
