47 0.6138399839401245 0.6001613140106201 0.4151415228843689 0.7098050117492676 
19 0.601803719997406 0.5984227657318115 0.3909381628036499 0.7111164331436157 
19 0.6043959259986877 0.5995712280273438 0.38299715518951416 0.7074929475784302 
19 0.599733829498291 0.6000555753707886 0.3850592076778412 0.709141731262207 
47 0.6056575775146484 0.6001288890838623 0.3930394947528839 0.7103155851364136 
10 0.6020272374153137 0.6011132597923279 0.380424827337265 0.7095876932144165 
20 0.6038885712623596 0.5997945070266724 0.3910346031188965 0.7111028432846069 
30 0.6055927872657776 0.5994277596473694 0.39133691787719727 0.7113543748855591 
10 0.604627788066864 0.6025918126106262 0.3917883634567261 0.7165877819061279 
29 0.6052697896957397 0.5997327566146851 0.39568889141082764 0.7139530181884766 
