30 0.5005671977996826 0.617165207862854 0.9925762414932251 0.752866804599762 
30 0.524896502494812 0.5727685689926147 0.9443110227584839 0.6593790054321289 
19 0.527243971824646 0.5805716514587402 0.9455119967460632 0.6620261669158936 
30 0.5259081125259399 0.5773342847824097 0.9481837749481201 0.6611301898956299 
19 0.5274876356124878 0.5809918642044067 0.9450246095657349 0.66729736328125 
30 0.5015777945518494 0.6175054311752319 0.9951387643814087 0.7543648481369019 
42 0.50323486328125 0.6216270923614502 0.9935302138328552 0.7472716569900513 
30 0.5011921525001526 0.6179776191711426 0.9925554990768433 0.7535760402679443 
30 0.5272839069366455 0.5783669948577881 0.9454323053359985 0.6652095317840576 
19 0.526764988899231 0.5786480903625488 0.9464700818061829 0.6636193990707397 
