30 0.5004490613937378 0.5614824295043945 0.998670220375061 0.8697699308395386 
30 0.5003311634063721 0.5638389587402344 0.9976133108139038 0.8639616966247559 
30 0.6851871609687805 0.7227461934089661 0.22880911827087402 0.5471817255020142 
30 0.6660335659980774 0.6272075176239014 0.4618295431137085 0.7385173439979553 
30 0.5003086924552917 0.566164493560791 0.996134877204895 0.8571972846984863 
30 0.6882299184799194 0.7209599018096924 0.23701047897338867 0.5509645938873291 
7 0.5003196001052856 0.5176830887794495 0.9973373413085938 0.9601774215698242 
19 0.49870115518569946 0.3571968078613281 0.9974023103713989 0.7093850374221802 
0 0.5003789663314819 0.5656662583351135 0.9986398220062256 0.8631305694580078 
19 0.6676669716835022 0.3770839273929596 0.44920217990875244 0.24318182468414307 
