7 0.5004369020462036 0.40209951996803284 0.9991262555122375 0.8041990399360657 
7 0.4911209046840668 0.39842408895492554 0.9581432342529297 0.7968481779098511 
30 0.49171414971351624 0.5021722316741943 0.9535274505615234 0.5870316624641418 
19 0.49307289719581604 0.5119408369064331 0.9545636773109436 0.5770726203918457 
30 0.4931817352771759 0.5118145942687988 0.9606408476829529 0.5852096080780029 
19 0.4927457869052887 0.5049176216125488 0.9584290981292725 0.5715813636779785 
30 0.4936348795890808 0.5056079030036926 0.9595029354095459 0.5722899436950684 
30 0.49240991473197937 0.507335901260376 0.9602413177490234 0.5781593322753906 
30 0.4931481182575226 0.5064654350280762 0.96245276927948 0.5714493989944458 
30 0.49383842945098877 0.5089517831802368 0.9612078666687012 0.5812782049179077 
