30 0.5003180503845215 0.5654153823852539 0.999363899230957 0.8431884050369263 
30 0.500381350517273 0.5285091400146484 0.9992371797561646 0.9342598915100098 
30 0.5001496076583862 0.5673422813415527 0.9991319179534912 0.8304815292358398 
30 0.5002959966659546 0.5653024315834045 0.9994080066680908 0.8428858518600464 
30 0.5003705620765686 0.5035145878791809 0.9992588758468628 0.9729962348937988 
30 0.376156210899353 0.08335777372121811 0.316439688205719 0.16670486330986023 
30 0.500312864780426 0.5722101926803589 0.9990284442901611 0.8275974988937378 
5 0.5003055334091187 0.5640099048614502 0.9993889331817627 0.8450894355773926 
30 0.5002806782722473 0.5659134387969971 0.9994386434555054 0.8346363306045532 
47 0.5003088712692261 0.5679847002029419 0.9993823170661926 0.8370243310928345 
