7 0.5003241896629333 0.3915479779243469 0.9993516206741333 0.3995559811592102 
29 0.5549824237823486 0.4792748689651489 0.11499392986297607 0.2144424021244049 
19 0.5002797842025757 0.5655996203422546 0.9994404315948486 0.19863787293434143 
22 0.5350250005722046 0.48272794485092163 0.1259925365447998 0.21458449959754944 
22 0.48353689908981323 0.4892343580722809 0.14266255497932434 0.18160980939865112 
7 0.5001722574234009 0.5684653520584106 0.9992486238479614 0.2095850706100464 
29 0.5002416372299194 0.5679779648780823 0.9995167255401611 0.20648038387298584 
29 0.5531175136566162 0.47894036769866943 0.12012314796447754 0.2218095064163208 
19 0.5004581212997437 0.3592570126056671 0.9990838170051575 0.34532493352890015 
30 0.555334746837616 0.4790143072605133 0.09430241584777832 0.19620579481124878 
