19 0.5990809202194214 0.7456878423690796 0.6538628339767456 0.5049911737442017 
19 0.8892903327941895 0.6764501333236694 0.22141939401626587 0.6440896987915039 
37 0.584450364112854 0.5313024520874023 0.645003616809845 0.9351925849914551 
30 0.5827105045318604 0.5327198505401611 0.6407971382141113 0.934560239315033 
19 0.6053816080093384 0.7500686049461365 0.6524374485015869 0.4883958101272583 
29 0.5907913446426392 0.7503232359886169 0.6208144426345825 0.4852696657180786 
19 0.47688302397727966 0.528038501739502 0.44077152013778687 0.9299452304840088 
19 0.580668568611145 0.7487493753433228 0.6262170076370239 0.5025011897087097 
37 0.46266937255859375 0.22870416939258575 0.2072586715221405 0.33072441816329956 
29 0.47854381799697876 0.529767632484436 0.4387294054031372 0.9302046298980713 
