30 0.5755974054336548 0.6173224449157715 0.5903531312942505 0.7589632272720337 
30 0.4401841461658478 0.7492738962173462 0.313607394695282 0.48699843883514404 
47 0.7451691031455994 0.6185417175292969 0.5096617937088013 0.7574422359466553 
47 0.689517080783844 0.6165776252746582 0.3992784321308136 0.7556725144386292 
30 0.19306370615959167 0.5920515060424805 0.3769921660423279 0.799656867980957 
47 0.48751476407051086 0.6613973379135132 0.11588066816329956 0.06323873996734619 
5 0.8593587279319763 0.5855593681335449 0.24947011470794678 0.8033847808837891 
47 0.43776482343673706 0.7466272711753845 0.3236168324947357 0.49115073680877686 
30 0.49020835757255554 0.6573271751403809 0.11794120073318481 0.0601961612701416 
19 0.4406176805496216 0.7487662434577942 0.3240557909011841 0.48762261867523193 
