47 0.4952339231967926 0.5550490021705627 0.16807836294174194 0.43826302886009216 
20 0.4958142936229706 0.5529456734657288 0.17078512907028198 0.43938910961151123 
47 0.5002691745758057 0.3629593849182129 0.9994616508483887 0.7176406383514404 
7 0.5005149841308594 0.4234425127506256 0.9989700317382812 0.7170011401176453 
19 0.46852540969848633 0.5598784685134888 0.12357911467552185 0.4432722330093384 
47 0.46900099515914917 0.5590550303459167 0.12023130059242249 0.44373688101768494 
30 0.4687868356704712 0.5534108877182007 0.11420467495918274 0.440889835357666 
20 0.4690292477607727 0.5549883842468262 0.11545968055725098 0.4405301809310913 
30 0.46895134449005127 0.5556876063346863 0.11399078369140625 0.4411931037902832 
30 0.46806564927101135 0.5573226809501648 0.12499696016311646 0.4442819356918335 
