47 0.49966666102409363 0.7566497325897217 0.9990311861038208 0.4803159832954407 
30 0.5666937828063965 0.7086822986602783 0.1784045696258545 0.3554621934890747 
47 0.6490399837493896 0.3208531439304352 0.6884793043136597 0.6349425315856934 
30 0.36165791749954224 0.7566819190979004 0.21869927644729614 0.4820808172225952 
45 0.3607999086380005 0.7558940052986145 0.2228778600692749 0.4830821752548218 
47 0.3611598610877991 0.7550802230834961 0.21970927715301514 0.48397576808929443 
30 0.5984888076782227 0.7083965539932251 0.11701810359954834 0.35454845428466797 
47 0.36531350016593933 0.5630669593811035 0.07429426908493042 0.10545527935028076 
47 0.6481896638870239 0.32427820563316345 0.694303035736084 0.6389438509941101 
30 0.36490896344184875 0.7548949122428894 0.215792715549469 0.4829210042953491 
