19 0.5695871710777283 0.6269121170043945 0.7328863143920898 0.7278550863265991 
47 0.5757509469985962 0.6296986937522888 0.7312966585159302 0.7293335199356079 
19 0.573219895362854 0.6282750368118286 0.7340545654296875 0.7293438911437988 
19 0.4999389052391052 0.6284880638122559 0.9984575510025024 0.7368991374969482 
19 0.5690816044807434 0.6278550028800964 0.7491792440414429 0.7385909557342529 
29 0.5708128213882446 0.6278738975524902 0.7496117353439331 0.7378950119018555 
29 0.5749557018280029 0.627754807472229 0.7339373826980591 0.7300429344177246 
30 0.6204656958580017 0.39273765683174133 0.37165606021881104 0.2741912007331848 
29 0.5702531933784485 0.6263257265090942 0.7481474876403809 0.7397246360778809 
39 0.5678843259811401 0.6275027990341187 0.7523696422576904 0.7381079196929932 
