47 0.7390369176864624 0.9363702535629272 0.5119390487670898 0.11970478296279907 
30 0.633567214012146 0.5838748216629028 0.7281487584114075 0.7746286392211914 
47 0.7560162544250488 0.5844466090202332 0.4715898036956787 0.775517463684082 
13 0.2729375660419464 0.611018180847168 0.5378749370574951 0.7695473432540894 
19 0.27259561419487 0.6079779267311096 0.537971019744873 0.7749953866004944 
13 0.9550812840461731 0.4607137143611908 0.0875173807144165 0.2136572003364563 
19 0.7508870363235474 0.9245802164077759 0.4887276887893677 0.14463555812835693 
30 0.3936349153518677 0.80780029296875 0.29425880312919617 0.20687586069107056 
30 0.6203875541687012 0.8478624820709229 0.7359165549278259 0.2985205054283142 
30 0.7599833607673645 0.5860904455184937 0.4687373638153076 0.7782537937164307 
