49 0.493491530418396 0.6048362255096436 0.8820445537567139 0.783348798751831 
30 0.4528697729110718 0.3283466100692749 0.12237274646759033 0.30443909764289856 
49 0.45544448494911194 0.3289642035961151 0.12586301565170288 0.30549687147140503 
20 0.48828139901161194 0.6097230911254883 0.890940248966217 0.7710977792739868 
30 0.47299331426620483 0.3494940400123596 0.06913140416145325 0.26028674840927124 
47 0.5247194170951843 0.11619304865598679 0.342440128326416 0.23238609731197357 
30 0.4540989398956299 0.33035463094711304 0.1218951940536499 0.3014146685600281 
30 0.5397734045982361 0.3359096646308899 0.29486751556396484 0.3400536775588989 
28 0.45950648188591003 0.4982309639453888 0.8059536218643188 0.996103048324585 
45 0.5295508503913879 0.11330020427703857 0.33331164717674255 0.22660040855407715 
