30 0.4996616244316101 0.50252366065979 0.9880962371826172 0.9407962560653687 
30 0.49867579340934753 0.5043449401855469 0.9531116485595703 0.9495199918746948 
30 0.533919095993042 0.5063162446022034 0.6404666900634766 0.955507755279541 
30 0.5329906940460205 0.5060862302780151 0.6456332206726074 0.956768274307251 
30 0.5335739254951477 0.5077390074729919 0.6447405815124512 0.9605402946472168 
30 0.5003437399864197 0.5048631429672241 0.9867748022079468 0.9404330253601074 
30 0.5166906118392944 0.3564876616001129 0.5501232147216797 0.6848556399345398 
30 0.4969100058078766 0.5020819902420044 0.9779205322265625 0.9391918182373047 
19 0.500367283821106 0.5046668648719788 0.9957865476608276 0.9414218664169312 
42 0.5356407761573792 0.5074824094772339 0.6515600681304932 0.9606279134750366 
