20 0.3684738874435425 0.3682655990123749 0.43448686599731445 0.7117026448249817 
47 0.4081462621688843 0.49336540699005127 0.4996452033519745 0.4802491366863251 
47 0.4083496630191803 0.4938805401325226 0.494021475315094 0.48133009672164917 
10 0.4703293442726135 0.514171838760376 0.2421036958694458 0.4382312297821045 
47 0.4711282551288605 0.5129132270812988 0.23858553171157837 0.438789963722229 
19 0.46725863218307495 0.5106670260429382 0.2343207597732544 0.43925249576568604 
47 0.46892958879470825 0.5100835561752319 0.23933875560760498 0.44730305671691895 
30 0.4690835475921631 0.5115036964416504 0.2368936538696289 0.4432213306427002 
20 0.46752122044563293 0.511807382106781 0.23712700605392456 0.4477905035018921 
30 0.4683210551738739 0.512109100818634 0.2365313172340393 0.4494892358779907 
