30 0.46378159523010254 0.5769906044006348 0.917102575302124 0.8334183096885681 
30 0.4660460650920868 0.7647705674171448 0.9175152778625488 0.4628714323043823 
30 0.632422685623169 0.4495103061199188 0.3197883367538452 0.5785815715789795 
30 0.5095168352127075 0.2649981379508972 0.1699504852294922 0.31393831968307495 
30 0.8496885299682617 0.46376487612724304 0.29917216300964355 0.5459354519844055 
47 0.4626024067401886 0.764156699180603 0.9210540056228638 0.46216249465942383 
30 0.4682536721229553 0.7266901731491089 0.914474368095398 0.5298173427581787 
47 0.5035347938537598 0.5938464403152466 0.9925823211669922 0.805099368095398 
30 0.46310484409332275 0.7617545127868652 0.9197911024093628 0.4651908874511719 
5 0.5284234881401062 0.19400623440742493 0.11386808753013611 0.1650547981262207 
