19 0.4984566867351532 0.49287793040275574 0.9931968450546265 0.9551807641983032 
19 0.5013238191604614 0.5141836404800415 0.9828892946243286 0.9130997657775879 
29 0.5875287055969238 0.5157747268676758 0.8217442035675049 0.9067684412002563 
19 0.5858482718467712 0.5131798982620239 0.8235242366790771 0.916204571723938 
19 0.5786436200141907 0.5134992599487305 0.8288737535476685 0.9247047901153564 
29 0.5859273076057434 0.5152145028114319 0.8257428407669067 0.9073965549468994 
19 0.582129955291748 0.5126793384552002 0.823097825050354 0.9117646217346191 
29 0.5822958946228027 0.5123789310455322 0.826897382736206 0.9131224155426025 
29 0.5834786891937256 0.5104782581329346 0.8190137147903442 0.9100837707519531 
7 0.588822603225708 0.5165987014770508 0.8177475929260254 0.9084941148757935 
