47 0.22464756667613983 0.45813271403312683 0.42324352264404297 0.9162654280662537 
19 0.5915712118148804 0.4621939957141876 0.8168575763702393 0.9121246337890625 
47 0.7641131281852722 0.43953582644462585 0.47177374362945557 0.8710828423500061 
47 0.3082622289657593 0.5989872217178345 0.2605852484703064 0.6401658058166504 
47 0.7664398550987244 0.4309736490249634 0.46712028980255127 0.855025053024292 
7 0.3125365376472473 0.5971781015396118 0.2501605153083801 0.6479461193084717 
28 0.24248960614204407 0.5953930616378784 0.48497921228408813 0.6382824182510376 
30 0.764047384262085 0.4387233555316925 0.4719052314758301 0.8679138422012329 
29 0.30810844898223877 0.6007150411605835 0.2572380304336548 0.6459264755249023 
19 0.30811604857444763 0.5987862348556519 0.25705164670944214 0.6416928768157959 
