47 0.5421940684318542 0.5508256554603577 0.4769430160522461 0.44367560744285583 
20 0.5427510738372803 0.5513883233070374 0.4732877314090729 0.44293785095214844 
47 0.6706236600875854 0.5283200740814209 0.6587527394294739 0.48460322618484497 
47 0.4999370276927948 0.6628668308258057 0.9993581771850586 0.6670740246772766 
19 0.6435446739196777 0.5504623651504517 0.2855260372161865 0.4452916383743286 
30 0.6403733491897583 0.5510205030441284 0.28080570697784424 0.4457571506500244 
30 0.6547152400016785 0.3679268956184387 0.09530842304229736 0.07065829634666443 
49 0.6397191882133484 0.551182746887207 0.2796154022216797 0.4434933662414551 
19 0.6397387981414795 0.5514939427375793 0.2805671691894531 0.44473910331726074 
30 0.6397939324378967 0.5506903529167175 0.27857303619384766 0.4435409605503082 
