47 0.39611488580703735 0.4744749367237091 0.3092409074306488 0.6118247509002686 
37 0.39578771591186523 0.4735126495361328 0.30910202860832214 0.6137224435806274 
30 0.39643293619155884 0.47185274958610535 0.31056708097457886 0.6093999147415161 
19 0.393151193857193 0.4597714841365814 0.30146700143814087 0.5797083973884583 
47 0.5002711415290833 0.6599069833755493 0.9987120628356934 0.665044367313385 
30 0.5003499984741211 0.661870539188385 0.9984990358352661 0.6605923175811768 
30 0.39393866062164307 0.45826128125190735 0.3080095052719116 0.58219313621521 
47 0.13858722150325775 0.4258485436439514 0.2758786678314209 0.31840720772743225 
19 0.5002106428146362 0.5799285173416138 0.9974527359008789 0.8236663341522217 
47 0.39129865169525146 0.4574730396270752 0.30335015058517456 0.5806536674499512 
