19 0.6223230361938477 0.623246431350708 0.6976447105407715 0.7445852756500244 
19 0.5337265729904175 0.4993787109851837 0.9257302284240723 0.9909111261367798 
19 0.5265676379203796 0.4998888373374939 0.9396480321884155 0.9918533563613892 
19 0.5265684127807617 0.49907493591308594 0.9459025859832764 0.9907456636428833 
20 0.6258607506752014 0.625748336315155 0.6974526643753052 0.7361733913421631 
29 0.5270807147026062 0.4990382790565491 0.9458385705947876 0.9896162748336792 
19 0.6254326105117798 0.6285995841026306 0.697172999382019 0.7354936599731445 
19 0.5256773233413696 0.49883273243904114 0.9394752979278564 0.9928030967712402 
19 0.5258866548538208 0.4984062612056732 0.9435228109359741 0.9940541386604309 
49 0.6100678443908691 0.6142740249633789 0.705277681350708 0.7631423473358154 
