47 0.7667577266693115 0.549468994140625 0.427506685256958 0.6419010162353516 
30 0.7290131449699402 0.5521909594535828 0.20341455936431885 0.6442409753799438 
30 0.22889676690101624 0.5128333568572998 0.3203679323196411 0.696980357170105 
30 0.9072867035865784 0.08336810767650604 0.10134291648864746 0.14357560873031616 
19 0.22535793483257294 0.5128657221794128 0.3255212604999542 0.7005056142807007 
47 0.7310370206832886 0.5519739985466003 0.2007148265838623 0.6450690031051636 
30 0.7323679327964783 0.548775315284729 0.20171213150024414 0.64551842212677 
47 0.7308681607246399 0.5482021570205688 0.20292341709136963 0.6433507204055786 
39 0.7319802045822144 0.5518323183059692 0.200262188911438 0.6459386348724365 
29 0.22789756953716278 0.5136526823043823 0.32512450218200684 0.6998119354248047 
