47 0.6652094125747681 0.6292872428894043 0.6053171157836914 0.6632246971130371 
30 0.6184577941894531 0.6276700496673584 0.5046366453170776 0.6644754409790039 
19 0.5059540271759033 0.6094672679901123 0.8824014663696289 0.7078381776809692 
47 0.3169495463371277 0.6089447736740112 0.4339830279350281 0.7067091464996338 
19 0.6186276078224182 0.6284010410308838 0.5059919357299805 0.6708278656005859 
47 0.3086976408958435 0.6121309995651245 0.43516266345977783 0.7144504189491272 
19 0.6201515793800354 0.628775954246521 0.5075714588165283 0.6639429330825806 
47 0.3020372986793518 0.6121841669082642 0.4202142655849457 0.7001177072525024 
39 0.6187055110931396 0.6288620233535767 0.5067557096481323 0.6682183742523193 
29 0.31259483098983765 0.6090012192726135 0.4198915958404541 0.7073198556900024 
