47 0.2296556532382965 0.19293712079524994 0.44983917474746704 0.38498610258102417 
37 0.5406367182731628 0.4644791781902313 0.13690617680549622 0.4741399884223938 
47 0.8496483564376831 0.5529175400733948 0.263225793838501 0.4251009523868561 
30 0.5412086844444275 0.4639233946800232 0.1389331817626953 0.47405776381492615 
30 0.5415894985198975 0.46283864974975586 0.13840699195861816 0.47229140996932983 
22 0.5002577304840088 0.7400453686714172 0.9994845390319824 0.504669189453125 
30 0.5403656959533691 0.4496886730194092 0.14052462577819824 0.4533240497112274 
47 0.5000916123390198 0.6101787686347961 0.9993146657943726 0.7673088312149048 
47 0.5405913591384888 0.45279890298843384 0.13694655895233154 0.4506128430366516 
30 0.5404394268989563 0.45292866230010986 0.13771942257881165 0.45371249318122864 
