5 0.2532787621021271 0.38184797763824463 0.30605435371398926 0.4965824484825134 
30 0.6794586181640625 0.8116936683654785 0.6343588829040527 0.36729323863983154 
30 0.21364790201187134 0.6468617916107178 0.23822662234306335 0.16145628690719604 
42 0.6817964315414429 0.8151803612709045 0.6320544481277466 0.36383867263793945 
0 0.17315459251403809 0.3144722580909729 0.27143335342407227 0.6289445161819458 
42 0.680222749710083 0.8122164607048035 0.6318525075912476 0.36785244941711426 
5 0.5620791912078857 0.8125627040863037 0.869744598865509 0.36630237102508545 
42 0.6808074712753296 0.8157534599304199 0.635654091835022 0.3639662265777588 
5 0.6772654056549072 0.8138731718063354 0.6386559009552002 0.36439526081085205 
0 0.24506309628486633 0.6366797685623169 0.3028140664100647 0.15160757303237915 
