19 0.32136285305023193 0.2953726649284363 0.6306710243225098 0.506127119064331 
47 0.8589057922363281 0.3550052046775818 0.27739018201828003 0.5193593502044678 
47 0.3641274571418762 0.5993939638137817 0.3136463761329651 0.33935385942459106 
29 0.3834466338157654 0.24590134620666504 0.10274273157119751 0.09937725961208344 
30 0.45239967107772827 0.37086522579193115 0.37144792079925537 0.3517780601978302 
19 0.8613759875297546 0.3563501536846161 0.27174699306488037 0.5180692672729492 
42 0.4513908624649048 0.36836308240890503 0.36935245990753174 0.3542182743549347 
20 0.4542544484138489 0.36883729696273804 0.35180413722991943 0.366799920797348 
19 0.26455360651016235 0.471804141998291 0.5211504697799683 0.8596314787864685 
47 0.3638201355934143 0.6009229421615601 0.31710535287857056 0.33707571029663086 
