20 0.7128949165344238 0.5252137780189514 0.5742101669311523 0.9475159645080566 
47 0.7129702568054199 0.5250495672225952 0.5740595459938049 0.9475960731506348 
19 0.7152454853057861 0.5264449715614319 0.5652639865875244 0.9427908658981323 
19 0.7113912105560303 0.524327278137207 0.5772174596786499 0.949256420135498 
47 0.7139705419540405 0.527068018913269 0.5712454319000244 0.9420450925827026 
47 0.7126044034957886 0.5268281698226929 0.5747911930084229 0.945044755935669 
47 0.2940857410430908 0.5907465815544128 0.421536386013031 0.8112998008728027 
29 0.7134379744529724 0.5258530974388123 0.5731240510940552 0.9469101428985596 
4 0.7124858498573303 0.5257022380828857 0.5750283002853394 0.9466841220855713 
20 0.5411138534545898 0.524476170539856 0.9177722334861755 0.9502928853034973 
