19 0.369145929813385 0.375052273273468 0.4554380178451538 0.7474251985549927 
29 0.37245020270347595 0.5262959599494934 0.5022116899490356 0.4655313491821289 
29 0.37272313237190247 0.5255871415138245 0.5074164271354675 0.46829095482826233 
19 0.36614805459976196 0.5316570997238159 0.4331589341163635 0.417993426322937 
7 0.3665910065174103 0.5322250127792358 0.4278474450111389 0.41997453570365906 
19 0.3723612129688263 0.5258997678756714 0.5004321932792664 0.4672044515609741 
19 0.37401726841926575 0.5262401103973389 0.5136969685554504 0.4765537977218628 
19 0.36679214239120483 0.5309299230575562 0.4315880835056305 0.4196169078350067 
7 0.3751019835472107 0.5271853804588318 0.5073788166046143 0.4656040668487549 
29 0.37253904342651367 0.37559181451797485 0.4690636396408081 0.7511836290359497 
