47 0.29145529866218567 0.5135018825531006 0.5227681398391724 0.8996659517288208 
30 0.29601961374282837 0.5136025547981262 0.526322603225708 0.9008554220199585 
19 0.49980083107948303 0.5140392780303955 0.9562048316001892 0.8978073000907898 
47 0.7114706039428711 0.6329580545425415 0.5691342949867249 0.6718560457229614 
30 0.30000802874565125 0.5114436149597168 0.5260093212127686 0.8947495222091675 
19 0.2970990240573883 0.5132306814193726 0.5269492268562317 0.8969401121139526 
19 0.6727535724639893 0.617863655090332 0.5310407876968384 0.646356463432312 
39 0.30736860632896423 0.5111145377159119 0.5489223599433899 0.8951183557510376 
19 0.3076010048389435 0.5130771994590759 0.5472593903541565 0.8993356227874756 
19 0.3013947606086731 0.512516975402832 0.5347247123718262 0.8958413600921631 
