19 0.5957596302032471 0.5612651109695435 0.8084807395935059 0.8774697780609131 
19 0.5929089784622192 0.5632125735282898 0.8141820430755615 0.8735748529434204 
19 0.5952728390693665 0.5679610967636108 0.7957248687744141 0.8599332571029663 
19 0.8314236998558044 0.6987006664276123 0.3320697546005249 0.5981232523918152 
19 0.5958296656608582 0.5651242733001709 0.8083406686782837 0.8697515726089478 
29 0.596198320388794 0.5629326105117798 0.8076034188270569 0.8741347789764404 
29 0.5967000722885132 0.5666556358337402 0.7926506400108337 0.8637363910675049 
29 0.59513258934021 0.5617258548736572 0.8097347021102905 0.8765484094619751 
30 0.599033534526825 0.5691958665847778 0.8019329309463501 0.8616082668304443 
30 0.5932207107543945 0.5616140365600586 0.8135585188865662 0.876771867275238 
