30 0.34973064064979553 0.40471744537353516 0.6965898871421814 0.8031885623931885 
30 0.4999234080314636 0.6128854751586914 0.9953131675720215 0.7569156289100647 
30 0.15919649600982666 0.691171407699585 0.3183929920196533 0.34333187341690063 
28 0.5387521386146545 0.5224063396453857 0.31688880920410156 0.5671164989471436 
30 0.539537787437439 0.5236486196517944 0.3165501356124878 0.56709885597229 
30 0.8268374800682068 0.6847187876701355 0.33817994594573975 0.41686129570007324 
30 0.15717917680740356 0.6905945539474487 0.31435835361480713 0.340938925743103 
19 0.5406847596168518 0.5223300457000732 0.31761059165000916 0.5723459720611572 
30 0.09925144165754318 0.6451045870780945 0.06303556263446808 0.2528029680252075 
30 0.0995742678642273 0.645662784576416 0.061746783554553986 0.2520636320114136 
