47 0.5009530782699585 0.5874186754226685 0.690860390663147 0.8133717775344849 
47 0.5031054019927979 0.587307870388031 0.6863840818405151 0.813477635383606 
30 0.4997442066669464 0.6830441951751709 0.6927714347839355 0.6125349998474121 
19 0.514512300491333 0.45884671807289124 0.4977515935897827 0.5542668104171753 
37 0.49986258149147034 0.6828247308731079 0.9978335499763489 0.6184417009353638 
47 0.4998566210269928 0.6821495294570923 0.6917621493339539 0.606921911239624 
30 0.5117543935775757 0.45474687218666077 0.508590817451477 0.5458940267562866 
30 0.5146137475967407 0.4544871747493744 0.5039618015289307 0.5457947850227356 
30 0.5138422250747681 0.4547196328639984 0.506111741065979 0.5484782457351685 
19 0.5145512819290161 0.4556659460067749 0.5098403692245483 0.5497298240661621 
