47 0.4019012153148651 0.3919568657875061 0.7071175575256348 0.7839137315750122 
19 0.39968690276145935 0.3910300135612488 0.7106374502182007 0.7820600271224976 
19 0.5686739087104797 0.6078266501426697 0.36698684096336365 0.3331817090511322 
37 0.40019121766090393 0.3892899453639984 0.7061887979507446 0.7785798907279968 
47 0.3996106684207916 0.39011263847351074 0.705906093120575 0.7802252769470215 
47 0.39976179599761963 0.3912685811519623 0.7045507431030273 0.7825371623039246 
47 0.40067097544670105 0.39268043637275696 0.705397367477417 0.7853608727455139 
30 0.4000709652900696 0.3900049924850464 0.7082816362380981 0.7800099849700928 
20 0.40001046657562256 0.389367938041687 0.7077782154083252 0.778735876083374 
30 0.3948843777179718 0.38749176263809204 0.7036636471748352 0.7749835252761841 
