30 0.4580657184123993 0.43074408173561096 0.8694504499435425 0.6686140298843384 
30 0.4597247540950775 0.4304352402687073 0.8687652349472046 0.675147533416748 
30 0.4573657810688019 0.4320165812969208 0.8740195631980896 0.674156665802002 
0 0.4606427252292633 0.43085387349128723 0.8723991513252258 0.6772420406341553 
42 0.4603516161441803 0.4308522939682007 0.8774513006210327 0.6780041456222534 
30 0.5153160691261292 0.4312268793582916 0.9693678617477417 0.6848645210266113 
30 0.5100412368774414 0.46754327416419983 0.9776140451431274 0.7406268119812012 
19 0.4624927341938019 0.43081387877464294 0.8576396107673645 0.6753854751586914 
30 0.5139865875244141 0.48080042004585266 0.9663401246070862 0.7820949554443359 
30 0.4635392725467682 0.43104881048202515 0.8668410181999207 0.6747972965240479 
