47 0.7134252786636353 0.24588219821453094 0.2815861105918884 0.3450109362602234 
30 0.7138175964355469 0.24638335406780243 0.2813757061958313 0.34675508737564087 
47 0.7179227471351624 0.24042661488056183 0.28468286991119385 0.34293824434280396 
19 0.718950092792511 0.24132095277309418 0.28440678119659424 0.34714072942733765 
47 0.7140357494354248 0.2374206930398941 0.28266799449920654 0.330167293548584 
42 0.7127432227134705 0.23894216120243073 0.28271591663360596 0.3303670287132263 
30 0.718176007270813 0.23925277590751648 0.2833610773086548 0.34656822681427 
47 0.7136853337287903 0.24394799768924713 0.28320837020874023 0.34289050102233887 
47 0.7158198952674866 0.2354799062013626 0.28474676609039307 0.32803380489349365 
29 0.7141905426979065 0.23808124661445618 0.28273069858551025 0.3309534788131714 
