30 0.4959448575973511 0.5069215297698975 0.2881941497325897 0.5303709506988525 
19 0.35777637362480164 0.5004817247390747 0.6916700601577759 0.9977355003356934 
20 0.4970712661743164 0.5011848211288452 0.2808530628681183 0.5000001192092896 
47 0.5004415512084961 0.49935364723205566 0.9991014003753662 0.9987072944641113 
29 0.5003252625465393 0.4992237687110901 0.9950648546218872 0.9984475374221802 
47 0.4981534481048584 0.49710550904273987 0.2836778163909912 0.5002056360244751 
30 0.3417645990848541 0.4991821348667145 0.6731150150299072 0.9982232451438904 
30 0.345554381608963 0.4993409514427185 0.6861293315887451 0.998681902885437 
19 0.3421434164047241 0.5000491142272949 0.6694983243942261 0.9973859786987305 
29 0.3396463096141815 0.49933481216430664 0.6713293790817261 0.998214840888977 
