37 0.5005806684494019 0.5834474563598633 0.9947000741958618 0.777328610420227 
47 0.629061222076416 0.3862648606300354 0.322129487991333 0.38321563601493835 
19 0.6666805148124695 0.383503258228302 0.22310292720794678 0.3830433785915375 
30 0.631843090057373 0.3921240568161011 0.333204984664917 0.39234375953674316 
47 0.4999891221523285 0.5910196304321289 0.9967751502990723 0.7907124757766724 
19 0.6686554551124573 0.38519221544265747 0.2247549295425415 0.376568078994751 
29 0.6667659878730774 0.3850005269050598 0.22709929943084717 0.381340891122818 
30 0.667065441608429 0.3861023187637329 0.2260366678237915 0.3807554244995117 
19 0.6673250198364258 0.3862802982330322 0.2281937599182129 0.3873555362224579 
40 0.6659768223762512 0.3865269124507904 0.22960174083709717 0.3872399926185608 
