30 0.5005834102630615 0.49915629625320435 0.9988331198692322 0.9977432489395142 
37 0.5005491971969604 0.49869441986083984 0.9989014863967896 0.9973888397216797 
30 0.4501470923423767 0.4508329927921295 0.272670179605484 0.315839946269989 
47 0.5006505250930786 0.49980905652046204 0.9986989498138428 0.9936138391494751 
19 0.5005751848220825 0.49881476163864136 0.9988497495651245 0.9976295232772827 
37 0.4505985379219055 0.4541546404361725 0.2818799316883087 0.32539719343185425 
19 0.5005057454109192 0.4987180829048157 0.9989885091781616 0.9974361658096313 
37 0.40887704491615295 0.4335670471191406 0.1863991618156433 0.2824396789073944 
29 0.4078258275985718 0.43333858251571655 0.19269970059394836 0.28558242321014404 
29 0.40793031454086304 0.43392208218574524 0.19077923893928528 0.28298336267471313 
