19 0.364583283662796 0.5230470895767212 0.7176817059516907 0.9450312852859497 
19 0.5014592409133911 0.5211453437805176 0.994669497013092 0.9501276016235352 
19 0.5031554102897644 0.5223827362060547 0.9913381338119507 0.9517643451690674 
19 0.48920002579689026 0.5255986452102661 0.9684404134750366 0.9423288106918335 
19 0.3618040084838867 0.5255577564239502 0.7159770727157593 0.9434734582901001 
19 0.7384352684020996 0.6728109121322632 0.5231293439865112 0.6543782949447632 
30 0.7392624020576477 0.6720839738845825 0.5213439464569092 0.6516680717468262 
28 0.36414918303489685 0.5174373388290405 0.7201082706451416 0.953798770904541 
47 0.3595394194126129 0.5248547792434692 0.7131541967391968 0.9447164535522461 
49 0.7445130944252014 0.670373797416687 0.5076708793640137 0.6508160829544067 
