19 0.41172534227371216 0.6260117888450623 0.4639168381690979 0.6764343976974487 
20 0.5143163204193115 0.546470046043396 0.666341245174408 0.8329098224639893 
19 0.4114861786365509 0.6261687278747559 0.4570165276527405 0.6728605031967163 
39 0.4084867238998413 0.6278747320175171 0.46182963252067566 0.6742326021194458 
39 0.4135499596595764 0.6255241632461548 0.460345983505249 0.683387041091919 
19 0.5533012747764587 0.2873947024345398 0.5832457542419434 0.33386296033859253 
47 0.41640710830688477 0.7511487603187561 0.3861093819141388 0.35023772716522217 
47 0.40934044122695923 0.6286023855209351 0.45976001024246216 0.6737192869186401 
19 0.553769588470459 0.28383803367614746 0.5772054195404053 0.32543885707855225 
49 0.4117770195007324 0.6224943399429321 0.46262145042419434 0.6837351322174072 
