29 0.20370283722877502 0.3690379559993744 0.40740567445755005 0.42279595136642456 
19 0.20659345388412476 0.3177131414413452 0.40759891271591187 0.5193625092506409 
29 0.5000063180923462 0.7401973605155945 0.9988037347793579 0.5099562406539917 
24 0.9187487363815308 0.7093812823295593 0.16250258684158325 0.5767916440963745 
19 0.4300629496574402 0.5780530571937561 0.853019118309021 0.8438939452171326 
47 0.20446597039699554 0.3691369891166687 0.4089319407939911 0.4229104518890381 
30 0.20841877162456512 0.36337679624557495 0.41213956475257874 0.4258798658847809 
47 0.5000219941139221 0.7330670356750488 0.9987174272537231 0.5338659286499023 
29 0.20547692477703094 0.3650718927383423 0.40739113092422485 0.4196520149707794 
30 0.50003981590271 0.7345346808433533 0.9985611438751221 0.519014835357666 
