30 0.5000553131103516 0.6877344250679016 0.9977694749832153 0.6127372980117798 
30 0.5372808575630188 0.6895700693130493 0.3698634207248688 0.6208598017692566 
21 0.5000066757202148 0.6889081001281738 0.9963511228561401 0.6127133369445801 
30 0.4993272125720978 0.6874105930328369 0.9944854974746704 0.6080927848815918 
49 0.5809691548347473 0.6167622804641724 0.45763614773750305 0.7664753198623657 
21 0.4995805323123932 0.6880217790603638 0.9948408603668213 0.6118872165679932 
30 0.4986070990562439 0.6535273790359497 0.2915867269039154 0.6929453611373901 
21 0.4444299340248108 0.49782174825668335 0.7534661293029785 0.9956434965133667 
30 0.4392731487751007 0.500527024269104 0.7759847640991211 0.9989460110664368 
21 0.29912450909614563 0.6924476623535156 0.4192356765270233 0.6151047348976135 
