19 0.8545054197311401 0.3918425440788269 0.28745317459106445 0.6331356763839722 
19 0.480318158864975 0.4753502309322357 0.8147323131561279 0.6047568917274475 
19 0.48100730776786804 0.4759662449359894 0.8180118203163147 0.6018075942993164 
29 0.48741260170936584 0.47492942214012146 0.823021650314331 0.6017519235610962 
29 0.4746033251285553 0.47623905539512634 0.8074901103973389 0.6055224537849426 
29 0.49999329447746277 0.38961416482925415 0.9989979267120361 0.7792283296585083 
7 0.47807398438453674 0.4749927818775177 0.8180261850357056 0.6066905856132507 
29 0.4853479564189911 0.4755556881427765 0.8281521797180176 0.6055752038955688 
19 0.4784491956233978 0.47426480054855347 0.8210146427154541 0.6005673408508301 
19 0.48382362723350525 0.4771267771720886 0.8296263217926025 0.599513053894043 
