30 0.4985487461090088 0.31616201996803284 0.9944071769714355 0.6269484758377075 
30 0.4995870292186737 0.3195735812187195 0.996607780456543 0.639147162437439 
7 0.4822425842285156 0.32209956645965576 0.8693550825119019 0.6441991329193115 
30 0.500618577003479 0.2870480418205261 0.9987629652023315 0.5740960836410522 
30 0.49666252732276917 0.2683054506778717 0.9903906583786011 0.5310097336769104 
30 0.49982166290283203 0.2606657147407532 0.9969779253005981 0.5213314294815063 
22 0.5008113384246826 0.26467764377593994 0.9983773231506348 0.5293552875518799 
30 0.48468121886253357 0.3982122540473938 0.855643630027771 0.46101462841033936 
30 0.485910028219223 0.4079107642173767 0.8765166401863098 0.49458181858062744 
30 0.496871680021286 0.2696692645549774 0.9892149567604065 0.533587634563446 
