30 0.50052809715271 0.33344125747680664 0.9989438652992249 0.6668825149536133 
30 0.500450611114502 0.33808374404907227 0.9990988969802856 0.6761674880981445 
30 0.5004189014434814 0.537716805934906 0.9991622567176819 0.27411651611328125 
7 0.5004901885986328 0.5367890000343323 0.9990196228027344 0.2648024559020996 
30 0.5004557371139526 0.536335825920105 0.9990886449813843 0.2710326910018921 
30 0.5004910826683044 0.4579118490219116 0.9990178346633911 0.4190990924835205 
30 0.500499963760376 0.5368204116821289 0.9990001320838928 0.2682455778121948 
30 0.5004907846450806 0.536829948425293 0.9990184307098389 0.26967331767082214 
30 0.1309875100851059 0.2442181259393692 0.25044822692871094 0.48170173168182373 
28 0.5 0.7003991603851318 1.0 0.5460706949234009 
