30 0.20822671055793762 0.28509074449539185 0.4049701690673828 0.45256486535072327 
30 0.8065275549888611 0.3251844048500061 0.38500678539276123 0.4764828681945801 
30 0.4232872426509857 0.5754513144493103 0.6032146215438843 0.4123328924179077 
19 0.42600128054618835 0.5786313414573669 0.6077635288238525 0.4055197238922119 
30 0.4999704360961914 0.677852988243103 0.996549129486084 0.6272764205932617 
30 0.42326024174690247 0.5764984488487244 0.607905387878418 0.41323375701904297 
30 0.20841732621192932 0.27872607111930847 0.411837100982666 0.44535666704177856 
19 0.42495182156562805 0.5796087384223938 0.6092202663421631 0.41003644466400146 
7 0.42601341009140015 0.576574981212616 0.604625940322876 0.41205692291259766 
30 0.42494064569473267 0.39040252566337585 0.599610447883606 0.7808050513267517 
