30 0.5004364848136902 0.48306894302368164 0.9991270303726196 0.8858445882797241 
42 0.500540554523468 0.48254379630088806 0.998918890953064 0.8850427865982056 
30 0.500419020652771 0.47922393679618835 0.999161958694458 0.8856111764907837 
30 0.4998135566711426 0.93027663230896 0.9996271133422852 0.12679129838943481 
30 0.5636740326881409 0.43597111105918884 0.23802459239959717 0.571669340133667 
30 0.5617006421089172 0.43824371695518494 0.23854169249534607 0.5709513425827026 
30 0.5 0.5190747976303101 1.0 0.9494683742523193 
30 0.5669775009155273 0.43290865421295166 0.2115483283996582 0.529927134513855 
30 0.5 0.5129795074462891 1.0 0.936853289604187 
30 0.5655969977378845 0.43801531195640564 0.24497130513191223 0.5760490298271179 
