30 0.7732505798339844 0.7551332712173462 0.40655517578125 0.27398133277893066 
30 0.7239450812339783 0.7536739110946655 0.4781908690929413 0.2740181088447571 
30 0.29751068353652954 0.6795614957809448 0.2731660306453705 0.18550807237625122 
30 0.4998340308666229 0.8367186188697815 0.9993505477905273 0.30750572681427 
47 0.4999452829360962 0.5122160315513611 0.9993135929107666 0.9523950815200806 
39 0.6843551397323608 0.7100943326950073 0.6078518629074097 0.25631821155548096 
30 0.7185998558998108 0.7125890851020813 0.2706722021102905 0.19244790077209473 
19 0.7734196186065674 0.7123294472694397 0.32118189334869385 0.18644142150878906 
30 0.07745888084173203 0.6294957399368286 0.12043793499469757 0.2723637819290161 
47 0.44215914607048035 0.4065350592136383 0.12845772504806519 0.7382251620292664 
