47 0.5004929304122925 0.49926990270614624 0.9984146356582642 0.9985398054122925 
30 0.8058531284332275 0.4074219763278961 0.38360273838043213 0.5122348666191101 
47 0.5005025863647461 0.4988369345664978 0.9979349374771118 0.9976738691329956 
30 0.5004761219024658 0.4989105761051178 0.9985915422439575 0.9978211522102356 
47 0.425273060798645 0.16066496074199677 0.2167121171951294 0.15058687329292297 
39 0.4716879725456238 0.489604651927948 0.4478084444999695 0.820533275604248 
47 0.8061831593513489 0.4067356288433075 0.38320839405059814 0.5212101936340332 
39 0.7891132831573486 0.36645275354385376 0.41813087463378906 0.5948761701583862 
30 0.8068335652351379 0.4103025496006012 0.3855665922164917 0.5321812629699707 
47 0.471174031496048 0.48758164048194885 0.4422758221626282 0.8192498683929443 
