30 0.5005027651786804 0.5326504707336426 0.9989944696426392 0.7640033960342407 
21 0.46911147236824036 0.6031893491744995 0.258017361164093 0.5776709318161011 
47 0.44379669427871704 0.6114436388015747 0.2402048110961914 0.56203293800354 
19 0.5185211896896362 0.6226918697357178 0.3764461278915405 0.6258120536804199 
30 0.5007778406143188 0.5256696939468384 0.9984442591667175 0.7946591377258301 
19 0.5003622770309448 0.5536699295043945 0.9992754459381104 0.8505175113677979 
30 0.5208467841148376 0.6251164078712463 0.3874000608921051 0.624437689781189 
47 0.46386873722076416 0.6002362966537476 0.26274049282073975 0.5859181880950928 
19 0.46751466393470764 0.6010152697563171 0.2513877749443054 0.5726791620254517 
37 0.5386831760406494 0.4647318720817566 0.06614887714385986 0.1408078670501709 
