47 0.49915242195129395 0.4383380711078644 0.2970426082611084 0.8106731176376343 
19 0.49983686208724976 0.42215773463249207 0.9918763637542725 0.7856053113937378 
30 0.4913315773010254 0.4378974437713623 0.3186558485031128 0.8088079690933228 
19 0.5102246999740601 0.4193093478679657 0.25289174914360046 0.7818389534950256 
19 0.5059852600097656 0.42370733618736267 0.25549623370170593 0.7790814638137817 
19 0.5060454607009888 0.42467403411865234 0.25843122601509094 0.7787361145019531 
29 0.5056421160697937 0.4247318208217621 0.2628542184829712 0.7805781364440918 
30 0.5066335797309875 0.42080914974212646 0.25697648525238037 0.7857770919799805 
40 0.5066834688186646 0.4233856797218323 0.2579134702682495 0.7808122634887695 
7 0.49384719133377075 0.43849343061447144 0.326816201210022 0.8079177141189575 
