19 0.611821711063385 0.6814130544662476 0.179205060005188 0.1756349802017212 
19 0.4996984004974365 0.7667246460914612 0.9976359605789185 0.34997105598449707 
29 0.6070238947868347 0.6816170811653137 0.17650151252746582 0.17701470851898193 
30 0.2082255482673645 0.45611605048179626 0.416451096534729 0.9029797911643982 
19 0.35165998339653015 0.6559650301933289 0.7015879154205322 0.24448144435882568 
30 0.6058264970779419 0.6833166480064392 0.18994534015655518 0.1857602596282959 
7 0.6087201237678528 0.6822516918182373 0.19208061695098877 0.18987023830413818 
30 0.2131994366645813 0.46219536662101746 0.4204220771789551 0.9012410640716553 
30 0.6079317927360535 0.6839851140975952 0.1911851167678833 0.19022703170776367 
30 0.43765103816986084 0.3293786644935608 0.3691600561141968 0.6587573289871216 
