19 0.5004271268844604 0.49898761510849 0.9960548877716064 0.99797523021698 
19 0.6148827075958252 0.519418478012085 0.7702345848083496 0.9481203556060791 
21 0.48356038331985474 0.5146293640136719 0.5170038938522339 0.9533298015594482 
29 0.4826319217681885 0.5202536582946777 0.5104938745498657 0.9490190744400024 
19 0.4856087863445282 0.5188663601875305 0.5229306817054749 0.9473081827163696 
39 0.4865347146987915 0.5170305967330933 0.5167902708053589 0.9579048752784729 
19 0.4853189289569855 0.5146946907043457 0.5289644002914429 0.9551852941513062 
29 0.48226821422576904 0.5197951793670654 0.5222746133804321 0.9493235349655151 
29 0.48371317982673645 0.5151040554046631 0.5147700905799866 0.9553065299987793 
19 0.48402073979377747 0.5199013948440552 0.5181252956390381 0.9523235559463501 
