47 0.3644619882106781 0.5736745595932007 0.22101467847824097 0.8382800817489624 
47 0.40557608008384705 0.579220175743103 0.8051717877388 0.8343713283538818 
40 0.36440572142601013 0.5760817527770996 0.21276015043258667 0.8371380567550659 
40 0.3622671961784363 0.5798522233963013 0.21626996994018555 0.8357727527618408 
19 0.36342480778694153 0.5795270800590515 0.21809005737304688 0.8325587511062622 
30 0.36243903636932373 0.5791065096855164 0.21711206436157227 0.834272027015686 
30 0.3667934238910675 0.4196555018424988 0.18462741374969482 0.32348695397377014 
47 0.3634752631187439 0.5802141427993774 0.2167103886604309 0.8315266370773315 
30 0.36206310987472534 0.5778865218162537 0.2162908911705017 0.8387628197669983 
19 0.3652242124080658 0.575323224067688 0.21959835290908813 0.8352483510971069 
