47 0.7789873480796814 0.5163251161575317 0.33498501777648926 0.4981727600097656 
13 0.8114084005355835 0.5207138061523438 0.2810075283050537 0.5091053247451782 
47 0.21478907763957977 0.7152979373931885 0.4267677068710327 0.5578262805938721 
47 0.9024785757064819 0.36002272367477417 0.15717428922653198 0.25847503542900085 
47 0.27254998683929443 0.6870889663696289 0.5381942987442017 0.6113917231559753 
19 0.4648051857948303 0.6225409507751465 0.29203474521636963 0.751116156578064 
47 0.4604874849319458 0.623114824295044 0.2984200417995453 0.750594973564148 
47 0.8490005731582642 0.7161054611206055 0.29985225200653076 0.5554155111312866 
39 0.7960538864135742 0.5022791624069214 0.2774672508239746 0.4779396057128906 
47 0.46832963824272156 0.6223858594894409 0.2934420704841614 0.7517884969711304 
