47 0.5336012840270996 0.5932945013046265 0.406270295381546 0.7990132570266724 
49 0.5336310267448425 0.5900815725326538 0.39689865708351135 0.8075263500213623 
19 0.5327408313751221 0.5928072929382324 0.40427926182746887 0.7973874807357788 
47 0.4601297378540039 0.29601478576660156 0.12753665447235107 0.19086036086082458 
19 0.5332134366035461 0.5930500030517578 0.4042367935180664 0.7989897727966309 
19 0.5330146551132202 0.5929765701293945 0.4008136987686157 0.7991563081741333 
19 0.5344142317771912 0.5945388078689575 0.4022902250289917 0.8000727295875549 
30 0.5331696271896362 0.5932424068450928 0.4053628146648407 0.7981119155883789 
30 0.5307648777961731 0.5929250717163086 0.4057345390319824 0.7991135120391846 
29 0.5338478088378906 0.5918408036231995 0.40321850776672363 0.7987337112426758 
