29 0.21243374049663544 0.4994114339351654 0.42008888721466064 0.7232125997543335 
19 0.2232884019613266 0.43015509843826294 0.4465768039226532 0.8603101968765259 
19 0.22131496667861938 0.49642226099967957 0.44262993335723877 0.7362276315689087 
19 0.8544267416000366 0.5351747274398804 0.29114651679992676 0.9153093099594116 
29 0.7435314655303955 0.5435655117034912 0.5099978446960449 0.9089745283126831 
7 0.5549806952476501 0.5100903511047363 0.4303783178329468 0.9338322877883911 
29 0.22099286317825317 0.49211782217025757 0.44198572635650635 0.7305278778076172 
19 0.2218419760465622 0.4951019287109375 0.44247007369995117 0.7244589328765869 
19 0.2229645550251007 0.49303093552589417 0.4452597498893738 0.7285558581352234 
19 0.5439968705177307 0.5286020636558533 0.4089909791946411 0.9423109292984009 
