19 0.5151808261871338 0.5610415935516357 0.962619423866272 0.42969560623168945 
37 0.37636592984199524 0.4875122606754303 0.13656020164489746 0.2817888855934143 
30 0.380346417427063 0.4995378255844116 0.14964404702186584 0.3025035858154297 
30 0.3799630403518677 0.49937984347343445 0.15490949153900146 0.3070135712623596 
37 0.5111478567123413 0.5640708804130554 0.9691752195358276 0.43714532256126404 
30 0.3754156529903412 0.4863100051879883 0.13538604974746704 0.2790715992450714 
30 0.3756467401981354 0.48753970861434937 0.13415974378585815 0.27874961495399475 
19 0.3803538978099823 0.498261958360672 0.15201133489608765 0.30442970991134644 
42 0.3766678273677826 0.4871033728122711 0.13897919654846191 0.28221505880355835 
19 0.5065103769302368 0.5925015211105347 0.9859286546707153 0.38883769512176514 
