30 0.8211381435394287 0.9076671600341797 0.3577237129211426 0.177179217338562 
30 0.4994722008705139 0.4840993881225586 0.3211987018585205 0.8849221467971802 
30 0.5712279081344604 0.5144037008285522 0.8265038728713989 0.9636338949203491 
0 0.5085971355438232 0.47142457962036133 0.31459516286849976 0.875646710395813 
7 0.8217552900314331 0.9016497731208801 0.356489360332489 0.19046521186828613 
30 0.8233169913291931 0.901434600353241 0.35336601734161377 0.19015061855316162 
19 0.27362340688705444 0.296454519033432 0.33880722522735596 0.22687482833862305 
30 0.40192803740501404 0.4861203730106354 0.5871107578277588 0.8939024806022644 
30 0.5641511082649231 0.4701792299747467 0.43846651911735535 0.8770327568054199 
30 0.36344078183174133 0.9245132207870483 0.5091147422790527 0.14856863021850586 
