19 0.5084118247032166 0.4653952121734619 0.5337249040603638 0.6287490129470825 
19 0.5100570917129517 0.47011664509773254 0.5093136429786682 0.6076518297195435 
19 0.5078229904174805 0.470388263463974 0.5096725225448608 0.6127071380615234 
30 0.5102332234382629 0.46776124835014343 0.5323053598403931 0.6223006248474121 
30 0.5091391801834106 0.46843549609184265 0.5428551435470581 0.6314171552658081 
30 0.5058526992797852 0.469340443611145 0.514877200126648 0.6178137063980103 
19 0.5048182010650635 0.464934766292572 0.5157680511474609 0.6097360849380493 
42 0.5095775127410889 0.46818360686302185 0.5391197204589844 0.6321742534637451 
19 0.5042150020599365 0.46875253319740295 0.5125260949134827 0.607995331287384 
30 0.402953565120697 0.4537964463233948 0.3137919008731842 0.22551238536834717 
