47 0.32132214307785034 0.49021419882774353 0.6426442861557007 0.9621851444244385 
13 0.31216132640838623 0.4830826222896576 0.6243226528167725 0.9405076503753662 
39 0.30945146083831787 0.4904739558696747 0.6189029216766357 0.9576284885406494 
19 0.30910152196884155 0.4910365045070648 0.6182030439376831 0.9562264680862427 
19 0.30934178829193115 0.48923495411872864 0.6186835765838623 0.9591773748397827 
19 0.7398531436920166 0.514819324016571 0.5192896127700806 0.9585727453231812 
21 0.3094538450241089 0.4899119436740875 0.6189076900482178 0.9590691328048706 
29 0.3089123070240021 0.48879432678222656 0.6178246140480042 0.9593981504440308 
29 0.3100692927837372 0.4853156805038452 0.6148467063903809 0.9452376365661621 
13 0.7898017168045044 0.5155189633369446 0.42039650678634644 0.9587823152542114 
