47 0.5892282128334045 0.5749471783638 0.19751250743865967 0.6188963651657104 
21 0.5914908051490784 0.5770736336708069 0.19293585419654846 0.6217391490936279 
20 0.5912238359451294 0.566197395324707 0.19083663821220398 0.5969799757003784 
47 0.5004481077194214 0.6290394067764282 0.9985858201980591 0.7280163764953613 
20 0.5906745195388794 0.5661965608596802 0.19216012954711914 0.5972404479980469 
47 0.5896016955375671 0.5660701990127563 0.190055251121521 0.5948200225830078 
21 0.6862684488296509 0.6461203098297119 0.14648127555847168 0.3639870285987854 
47 0.5913062691688538 0.5658828616142273 0.19233226776123047 0.5974637269973755 
30 0.5899576544761658 0.5666389465332031 0.19293212890625 0.5971523523330688 
40 0.590958833694458 0.5670120716094971 0.19422852993011475 0.6001845598220825 
