30 0.47024381160736084 0.37910225987434387 0.9404876232147217 0.7555740475654602 
19 0.2591434419155121 0.4595497250556946 0.14250141382217407 0.49536383152008057 
22 0.46628421545028687 0.36866074800491333 0.9325684309005737 0.7309465408325195 
22 0.4689207375049591 0.3803136646747589 0.9378414750099182 0.7555215954780579 
30 0.4997846186161041 0.7185046672821045 0.9995193481445312 0.3391720652580261 
22 0.6885809302330017 0.43800869584083557 0.42913055419921875 0.6517513990402222 
30 0.25347378849983215 0.45552438497543335 0.13884180784225464 0.4986623227596283 
32 0.46127283573150635 0.3678853213787079 0.9225456714630127 0.7326643466949463 
30 0.2583952248096466 0.4575845003128052 0.1353735327720642 0.49946874380111694 
30 0.4998040795326233 0.7449156045913696 0.9996081590652466 0.33461958169937134 
