7 0.5003558397293091 0.4969698488712311 0.9992883205413818 0.9883859157562256 
47 0.6093220710754395 0.7302638292312622 0.2533978223800659 0.5351386070251465 
19 0.5342150926589966 0.5448692440986633 0.10355889797210693 0.1546621322631836 
47 0.6106125712394714 0.7303911447525024 0.2545905113220215 0.5350300073623657 
19 0.610190749168396 0.7304588556289673 0.25537407398223877 0.5343003273010254 
29 0.6094141602516174 0.7301227450370789 0.25091373920440674 0.5346286296844482 
47 0.6132504940032959 0.733534038066864 0.24607670307159424 0.5190260410308838 
30 0.6095991730690002 0.7312701940536499 0.25237834453582764 0.5344069004058838 
30 0.6084994077682495 0.7297909259796143 0.2581116855144501 0.5355881452560425 
47 0.6090675592422485 0.7306103706359863 0.24758365750312805 0.5236424207687378 
