19 0.5494875907897949 0.5474364757537842 0.8847408294677734 0.895907998085022 
21 0.5490967035293579 0.5448523759841919 0.8881752490997314 0.8988254070281982 
20 0.5497848987579346 0.5462143421173096 0.8914351463317871 0.8983707427978516 
47 0.5522592067718506 0.5475517511367798 0.8923566341400146 0.8986637592315674 
19 0.5491728782653809 0.5473706722259521 0.8988921642303467 0.9019715785980225 
30 0.5515265464782715 0.5481160879135132 0.8952651023864746 0.8978489637374878 
19 0.5498346090316772 0.545818567276001 0.882959246635437 0.894737958908081 
19 0.551055908203125 0.5465896129608154 0.8902813196182251 0.8982503414154053 
29 0.550601601600647 0.5470665693283081 0.884803295135498 0.8941874504089355 
19 0.5501958131790161 0.5466259717941284 0.8858199119567871 0.8953624963760376 
