30 0.5039126873016357 0.452677845954895 0.9249262809753418 0.90535569190979 
30 0.5078039169311523 0.5072401762008667 0.9385533332824707 0.8087145090103149 
30 0.5008779168128967 0.4986782670021057 0.9977861642837524 0.9973565340042114 
42 0.500502347946167 0.49936243891716003 0.997702956199646 0.991208553314209 
29 0.5056992769241333 0.5077006816864014 0.9202713966369629 0.8022462129592896 
28 0.5006107091903687 0.49838733673095703 0.9984804391860962 0.9967746734619141 
30 0.5114779472351074 0.5061658620834351 0.9344587922096252 0.7991713285446167 
30 0.509519100189209 0.5049811005592346 0.9306122064590454 0.798938512802124 
30 0.5003204345703125 0.4998207688331604 0.9993590116500854 0.9980781078338623 
28 0.5005292892456055 0.4963264465332031 0.9959192276000977 0.9926528930664062 
