47 0.745647132396698 0.4528450667858124 0.15166282653808594 0.32489126920700073 
47 0.4509284198284149 0.5122596025466919 0.6208854913711548 0.9657928943634033 
47 0.4778480529785156 0.25796517729759216 0.25730833411216736 0.4585288465023041 
30 0.4494253993034363 0.5126798152923584 0.6269010305404663 0.9746403694152832 
30 0.5096303820610046 0.7127046585083008 0.4989352226257324 0.572644829750061 
19 0.8748773336410522 0.6347556114196777 0.2469390630722046 0.7144628167152405 
5 0.09740578383207321 0.6824222207069397 0.19481156766414642 0.5355032682418823 
19 0.4275883436203003 0.5125705599784851 0.6673442721366882 0.9655286073684692 
5 0.44942954182624817 0.5109030604362488 0.6250226497650146 0.9698103070259094 
30 0.1589512825012207 0.4007868468761444 0.31769517064094543 0.2617047429084778 
