47 0.5122919082641602 0.6573498249053955 0.18064004182815552 0.5408874750137329 
30 0.5122020244598389 0.6603621244430542 0.1705150604248047 0.542566180229187 
30 0.5117026567459106 0.6610721349716187 0.17291557788848877 0.5411707162857056 
30 0.6750215291976929 0.24430318176746368 0.6446443796157837 0.4879113435745239 
22 0.6692514419555664 0.24415531754493713 0.6614969968795776 0.48831063508987427 
30 0.2317136526107788 0.49710893630981445 0.4634273052215576 0.9942178726196289 
30 0.5149904489517212 0.7646667957305908 0.15602710843086243 0.3321504592895508 
37 0.3001531660556793 0.6906744241714478 0.6003063321113586 0.6105044484138489 
47 0.6754167079925537 0.23853285610675812 0.649166464805603 0.47706571221351624 
30 0.5233197808265686 0.4313369393348694 0.0699106752872467 0.0831504762172699 
