30 0.5004394054412842 0.5473726987838745 0.9991213083267212 0.8953810930252075 
30 0.5003787875175476 0.676171064376831 0.9992424249649048 0.635351300239563 
30 0.47249293327331543 0.5682344436645508 0.36814019083976746 0.2721726894378662 
30 0.5003803968429565 0.6342066526412964 0.9992392063140869 0.720632016658783 
30 0.5003952980041504 0.6760897636413574 0.9992094039916992 0.6378507614135742 
30 0.47397956252098083 0.5758771896362305 0.36542266607284546 0.27347543835639954 
30 0.5003964900970459 0.6784571409225464 0.9992070198059082 0.63387131690979 
30 0.47379544377326965 0.570822536945343 0.36650604009628296 0.2743169367313385 
5 0.5003819465637207 0.6726981401443481 0.9992361664772034 0.6401174068450928 
49 0.5004364252090454 0.5068438649177551 0.9991271495819092 0.9779894948005676 
