47 0.4996128976345062 0.8221393823623657 0.9967430830001831 0.3469693064689636 
47 0.7333910465240479 0.7713131904602051 0.1101195216178894 0.24621319770812988 
47 0.4609478712081909 0.3931012749671936 0.2524155080318451 0.3719650208950043 
21 0.4828600585460663 0.3898088335990906 0.2127963900566101 0.36957454681396484 
47 0.49943357706069946 0.8181418180465698 0.9972023963928223 0.3528485894203186 
40 0.48179665207862854 0.39198192954063416 0.20976990461349487 0.37041717767715454 
47 0.7310930490493774 0.76667720079422 0.10693967342376709 0.25176048278808594 
20 0.48349177837371826 0.39155423641204834 0.21467086672782898 0.37661585211753845 
47 0.49948737025260925 0.8922582268714905 0.9961587190628052 0.20399940013885498 
40 0.7313781976699829 0.7731684446334839 0.10333514213562012 0.24684208631515503 
