19 0.5008662939071655 0.5049484372138977 0.9982672929763794 0.7237513065338135 
37 0.16924232244491577 0.49506714940071106 0.24927924573421478 0.6415107846260071 
30 0.5002864599227905 0.49594369530677795 0.9936130046844482 0.6674189567565918 
19 0.16818645596504211 0.4954744279384613 0.25349098443984985 0.6449240446090698 
19 0.4999217987060547 0.5211702585220337 0.997309684753418 0.6921490430831909 
7 0.16585339605808258 0.45571520924568176 0.25202280282974243 0.5677611827850342 
30 0.1671813428401947 0.45653194189071655 0.24958950281143188 0.5652776956558228 
37 0.45491334795951843 0.49556592106819153 0.826212465763092 0.6447787880897522 
29 0.19307059049606323 0.25203758478164673 0.08257603645324707 0.1486496925354004 
19 0.16738632321357727 0.4588930904865265 0.24951128661632538 0.5673257112503052 
