19 0.2331811487674713 0.44640201330184937 0.45782142877578735 0.8509699106216431 
30 0.5004014372825623 0.49897730350494385 0.9991971254348755 0.9979546070098877 
19 0.6316934823989868 0.39676758646965027 0.7197014093399048 0.781601071357727 
30 0.6202080249786377 0.3984007239341736 0.7457948923110962 0.7902913093566895 
30 0.49979743361473083 0.5003532767295837 0.9919052124023438 0.9945968389511108 
23 0.6300818920135498 0.39824429154396057 0.7226848602294922 0.7832464575767517 
30 0.6289418935775757 0.39994779229164124 0.7273663282394409 0.7885915040969849 
42 0.5004110336303711 0.49932512640953064 0.9991779327392578 0.998177170753479 
19 0.5004310607910156 0.4991992712020874 0.999137818813324 0.9983985424041748 
30 0.6440608501434326 0.40376487374305725 0.705703616142273 0.8004623651504517 
