47 0.7978498935699463 0.35561954975128174 0.1808658242225647 0.1567782759666443 
47 0.7581292390823364 0.35322484374046326 0.07964622974395752 0.15024292469024658 
47 0.8670112490653992 0.3456333577632904 0.058265089988708496 0.15801888704299927 
30 0.42032164335250854 0.6319903135299683 0.2760002613067627 0.7264293432235718 
30 0.4197455048561096 0.6332522034645081 0.2763708829879761 0.7263684272766113 
30 0.7355479001998901 0.35618504881858826 0.15179443359375 0.16041630506515503 
47 0.4142085909843445 0.6362601518630981 0.27409878373146057 0.723504364490509 
47 0.4794468283653259 0.3368702828884125 0.07814562320709229 0.12641072273254395 
39 0.4147028625011444 0.6389248371124268 0.27720242738723755 0.7171368598937988 
19 0.41520780324935913 0.6384538412094116 0.27471646666526794 0.71750807762146 
