45 0.45417335629463196 0.6225483417510986 0.9073259830474854 0.6901137828826904 
47 0.05698973312973976 0.7687080502510071 0.1092258095741272 0.3813892602920532 
45 0.5779910087585449 0.5943406820297241 0.6296024322509766 0.6266475915908813 
30 0.532869815826416 0.6322343349456787 0.8995635509490967 0.714164137840271 
30 0.14910763502120972 0.7864446043968201 0.2974662482738495 0.42559874057769775 
19 0.5811289548873901 0.5941824913024902 0.6543112993240356 0.6376140117645264 
47 0.05836724862456322 0.7666562795639038 0.1115666851401329 0.3913297653198242 
30 0.14201027154922485 0.7871824502944946 0.2837095856666565 0.42139697074890137 
30 0.05230962485074997 0.7696689367294312 0.10461924970149994 0.39406490325927734 
19 0.05233411863446236 0.7710661888122559 0.10441233217716217 0.39031970500946045 
