47 0.5003453493118286 0.5799820423126221 0.9987747669219971 0.83359694480896 
47 0.4991733431816101 0.6800631284713745 0.13879498839378357 0.28807753324508667 
30 0.5003633499145508 0.5792580842971802 0.9985942840576172 0.8363803625106812 
30 0.5313562750816345 0.6611393690109253 0.08880746364593506 0.2590219974517822 
21 0.528667688369751 0.6634984016418457 0.08213731646537781 0.25679898262023926 
30 0.5272101759910583 0.6632845997810364 0.08287128806114197 0.25967538356781006 
21 0.500353217124939 0.5786787271499634 0.998679518699646 0.8329936265945435 
11 0.5275745391845703 0.6641665101051331 0.08197760581970215 0.25784051418304443 
47 0.5280514359474182 0.6631395816802979 0.08299091458320618 0.2605471611022949 
30 0.5003550052642822 0.5798420310020447 0.9981038570404053 0.8321250677108765 
