47 0.6309465765953064 0.5380007028579712 0.2382868528366089 0.1404629349708557 
47 0.4133121371269226 0.6570452451705933 0.21341824531555176 0.6343014240264893 
47 0.7297497987747192 0.33989211916923523 0.43783366680145264 0.67595374584198 
30 0.41257786750793457 0.6576060056686401 0.2175014317035675 0.6378790140151978 
47 0.41283681988716125 0.6568500995635986 0.21460193395614624 0.634811282157898 
30 0.4135827422142029 0.6565078496932983 0.21289360523223877 0.623505711555481 
47 0.4126758575439453 0.6570420265197754 0.21148189902305603 0.6237974166870117 
47 0.11252222210168839 0.5458644032478333 0.13154496252536774 0.3552060127258301 
19 0.41289982199668884 0.6573925614356995 0.21341246366500854 0.6258013248443604 
39 0.1133025512099266 0.5439120531082153 0.13193389773368835 0.357221394777298 
