30 0.5002754926681519 0.4761800765991211 0.9994490146636963 0.9523601531982422 
20 0.5002994537353516 0.4024275243282318 0.9994011521339417 0.8035159707069397 
19 0.4263001084327698 0.5805681943893433 0.4324551820755005 0.7415168285369873 
30 0.4256035089492798 0.5796810388565063 0.42634308338165283 0.7406032681465149 
47 0.5003334283828735 0.3964018225669861 0.9993331432342529 0.7928036451339722 
47 0.5003162622451782 0.39342737197875977 0.9993674755096436 0.7868547439575195 
22 0.47638148069381714 0.6041193604469299 0.23635220527648926 0.6742454767227173 
49 0.5003880262374878 0.47034066915512085 0.999224066734314 0.9406813383102417 
21 0.47198981046676636 0.6104297637939453 0.24021422863006592 0.6819084882736206 
30 0.5002932548522949 0.40280285477638245 0.9994134902954102 0.8036835789680481 
