30 0.46621084213256836 0.4228341579437256 0.9230057001113892 0.8403046131134033 
30 0.4665006995201111 0.4209463894367218 0.9312303066253662 0.8399593234062195 
30 0.4616263806819916 0.54946368932724 0.9232527613639832 0.5514241456985474 
7 0.4654836654663086 0.5565905570983887 0.9273660182952881 0.572363018989563 
30 0.46661707758903503 0.5581129193305969 0.9270647764205933 0.5692909955978394 
30 0.4668086767196655 0.5587977170944214 0.92616868019104 0.5688097476959229 
30 0.46653518080711365 0.5593546628952026 0.9259148836135864 0.5660768747329712 
30 0.46517184376716614 0.5598255395889282 0.9248274564743042 0.5785012245178223 
7 0.49778932332992554 0.6327691078186035 0.9955786466598511 0.7191904783248901 
30 0.23532965779304504 0.2014097422361374 0.04896549880504608 0.33302125334739685 
