21 0.5193694829940796 0.5482279062271118 0.678455114364624 0.7968106269836426 
30 0.5198474526405334 0.547487199306488 0.6772325038909912 0.7934104204177856 
19 0.5204696655273438 0.5494654178619385 0.6758061647415161 0.8001946210861206 
39 0.7093434929847717 0.2505248188972473 0.5576779842376709 0.26043900847435 
30 0.7133972644805908 0.25107818841934204 0.5581271648406982 0.2683994174003601 
30 0.5004572868347168 0.5626009702682495 0.999085545539856 0.619922935962677 
21 0.5199592113494873 0.6458157300949097 0.6683559417724609 0.4412248134613037 
30 0.2958299219608307 0.1676945984363556 0.12939125299453735 0.23546892404556274 
19 0.3880658745765686 0.5495163202285767 0.2168521285057068 0.7955852746963501 
30 0.387469083070755 0.5497260093688965 0.21805012226104736 0.794784426689148 
