47 0.1724708527326584 0.6547959446907043 0.3422398567199707 0.6849700212478638 
47 0.5532006621360779 0.21266776323318481 0.37842193245887756 0.42533552646636963 
30 0.6315104365348816 0.5385172367095947 0.3125607967376709 0.5456463098526001 
19 0.5572338104248047 0.213645339012146 0.36271074414253235 0.427290678024292 
30 0.17505936324596405 0.6244706511497498 0.349002480506897 0.7389453649520874 
47 0.47763514518737793 0.5721770524978638 0.4800906479358673 0.8472378253936768 
30 0.17598968744277954 0.652004599571228 0.34820348024368286 0.688037633895874 
30 0.4747033715248108 0.5728838443756104 0.476559579372406 0.8471883535385132 
39 0.4764590263366699 0.5695618987083435 0.4794764518737793 0.8503991961479187 
29 0.17376834154129028 0.6268206834793091 0.3437873125076294 0.7393731474876404 
