47 0.8502274751663208 0.5672808289527893 0.2864893078804016 0.45902594923973083 
47 0.5305345058441162 0.5817106366157532 0.924113929271698 0.4861335754394531 
30 0.8666604161262512 0.5660967826843262 0.26167917251586914 0.46170663833618164 
47 0.2500491142272949 0.656080961227417 0.4700828194618225 0.6327070593833923 
47 0.280904084444046 0.584598183631897 0.4157140851020813 0.48493313789367676 
30 0.8394405245780945 0.3695974349975586 0.09211349487304688 0.075070321559906 
47 0.2838112711906433 0.5840287208557129 0.42088618874549866 0.48723939061164856 
30 0.2777423858642578 0.5818317532539368 0.4193096160888672 0.4884614050388336 
47 0.27607089281082153 0.5826305150985718 0.4185415506362915 0.48877811431884766 
37 0.8543848991394043 0.5558841228485107 0.2768348455429077 0.43846410512924194 
