19 0.18150734901428223 0.5760094523429871 0.36301469802856445 0.7168313264846802 
47 0.0651068240404129 0.5817842483520508 0.1302136480808258 0.7213476896286011 
19 0.5135449171066284 0.6029119491577148 0.8654390573501587 0.6308109760284424 
29 0.08914318680763245 0.5797213315963745 0.1782863736152649 0.7180273532867432 
47 0.5075634717941284 0.6050382852554321 0.8572936058044434 0.6407082080841064 
29 0.5133445262908936 0.598000168800354 0.8741180896759033 0.6340264081954956 
29 0.06649068742990494 0.5762659311294556 0.13298137485980988 0.7155967950820923 
24 0.509212076663971 0.6078553199768066 0.8555653095245361 0.649482011795044 
19 0.06543008238077164 0.5754826664924622 0.13086016476154327 0.7184282541275024 
19 0.506960391998291 0.6059780716896057 0.8620553016662598 0.6453534364700317 
