47 0.42455700039863586 0.7454884052276611 0.21506518125534058 0.3347288966178894 
47 0.35985445976257324 0.4744773507118225 0.3012717068195343 0.8778150677680969 
47 0.4258861541748047 0.7387657165527344 0.21868515014648438 0.3222780227661133 
47 0.33422645926475525 0.24364715814590454 0.23916369676589966 0.42078089714050293 
47 0.2756144404411316 0.07564312219619751 0.09072066843509674 0.07437904179096222 
30 0.4251330494880676 0.737297534942627 0.21248862147331238 0.32130658626556396 
30 0.4246223568916321 0.7366546392440796 0.2126711905002594 0.32309412956237793 
37 0.33275148272514343 0.24695317447185516 0.24721044301986694 0.4205753803253174 
30 0.3340129852294922 0.24190743267536163 0.236780047416687 0.42185574769973755 
30 0.42627623677253723 0.7372869849205017 0.21299093961715698 0.32377755641937256 
