30 0.5005135536193848 0.5492156147956848 0.9989728927612305 0.7644609212875366 
19 0.42758285999298096 0.41050833463668823 0.4493277072906494 0.3816107511520386 
37 0.4715349078178406 0.34835702180862427 0.5372990369796753 0.5000877380371094 
47 0.42321300506591797 0.4055357575416565 0.45233532786369324 0.38420286774635315 
47 0.472841739654541 0.3476300537586212 0.5447807908058167 0.49920910596847534 
30 0.42569583654403687 0.4095439910888672 0.44784003496170044 0.37703925371170044 
19 0.4729016423225403 0.32998305559158325 0.09992444515228271 0.1252034604549408 
19 0.4268985688686371 0.40635305643081665 0.4497379660606384 0.38687801361083984 
19 0.4261355400085449 0.41010403633117676 0.4497939944267273 0.38005906343460083 
37 0.4276984930038452 0.4074246883392334 0.4454140067100525 0.378325879573822 
