20 0.49994516372680664 0.7267267107963562 0.9996873140335083 0.5419038534164429 
30 0.499946266412735 0.7338941097259521 0.9995508193969727 0.5318628549575806 
10 0.4681209325790405 0.6034154891967773 0.1566842496395111 0.28740453720092773 
10 0.45398128032684326 0.6027657389640808 0.12868329882621765 0.2891474962234497 
10 0.5000369548797607 0.726727306842804 0.9996098279953003 0.5422970056533813 
30 0.4555050730705261 0.6028560996055603 0.12738728523254395 0.2871667146682739 
10 0.6343954801559448 0.6050944924354553 0.06751036643981934 0.28473448753356934 
45 0.6349574327468872 0.6057175397872925 0.2432262897491455 0.2803603410720825 
29 0.4533103108406067 0.6020102500915527 0.1281123161315918 0.29634130001068115 
10 0.6354562044143677 0.6040041446685791 0.24880766868591309 0.2765061855316162 
