39 0.5013266801834106 0.49926936626434326 0.9973465204238892 0.9985387325286865 
47 0.43357378244400024 0.5286586284637451 0.3952004015445709 0.2777719497680664 
39 0.6373445391654968 0.5624984502792358 0.21929466724395752 0.5922040343284607 
5 0.6381025910377502 0.5612752437591553 0.21927034854888916 0.5979012250900269 
47 0.47362861037254333 0.2934427261352539 0.09893625974655151 0.17612487077713013 
39 0.8906935453414917 0.41879451274871826 0.19529229402542114 0.37168967723846436 
5 0.4317079186439514 0.6933661699295044 0.3924429416656494 0.6038895845413208 
47 0.36296409368515015 0.6000775098800659 0.5267027616500854 0.6819320917129517 
30 0.6376551985740662 0.554477334022522 0.2189558744430542 0.5837352275848389 
47 0.684897780418396 0.33324846625328064 0.077609121799469 0.13034510612487793 
