28 0.10646139830350876 0.4203716814517975 0.21009646356105804 0.82578045129776 
5 0.3006460964679718 0.5300977230072021 0.30422407388687134 0.22345584630966187 
5 0.3179935812950134 0.46456193923950195 0.3177911639213562 0.19329485297203064 
5 0.1820547729730606 0.5715539455413818 0.06773567199707031 0.16333606839179993 
30 0.5825871229171753 0.5529602766036987 0.7576574087142944 0.38518500328063965 
7 0.6567987203598022 0.4483188986778259 0.35177892446517944 0.205718994140625 
42 0.17957109212875366 0.5732427835464478 0.06634548306465149 0.18593910336494446 
30 0.8538593053817749 0.3181174695491791 0.15171480178833008 0.4359838366508484 
30 0.557966947555542 0.5902177691459656 0.8194447755813599 0.33284664154052734 
42 0.3084140419960022 0.505700945854187 0.31843358278274536 0.1735524833202362 
