19 0.5561734437942505 0.49077335000038147 0.7557297945022583 0.9736275672912598 
30 0.5580012798309326 0.49303558468818665 0.7591514587402344 0.9757487773895264 
37 0.5472368001937866 0.2817009389400482 0.23383581638336182 0.5408042669296265 
30 0.5574474334716797 0.5639603137969971 0.7700256109237671 0.8320356607437134 
19 0.5544898509979248 0.5688286423683167 0.7351969480514526 0.8250361680984497 
47 0.5462548732757568 0.2808745503425598 0.2323368787765503 0.543960690498352 
30 0.5423827171325684 0.27560070157051086 0.24229422211647034 0.54349285364151 
47 0.5435054898262024 0.2793284058570862 0.24197980761528015 0.5494920611381531 
19 0.5552321076393127 0.5634122490882874 0.7619198560714722 0.8326900005340576 
47 0.4849976897239685 0.05622345581650734 0.08803817629814148 0.11244691163301468 
