47 0.21475070714950562 0.67824387550354 0.18479187786579132 0.3892499804496765 
39 0.5942401885986328 0.5025681257247925 0.36455801129341125 0.6002519130706787 
47 0.14779245853424072 0.7058881521224976 0.14200210571289062 0.5313231945037842 
39 0.17955923080444336 0.7027997374534607 0.20924991369247437 0.5256272554397583 
30 0.5940476059913635 0.5027904510498047 0.364080548286438 0.6065945625305176 
20 0.23249472677707672 0.6474093794822693 0.14368364214897156 0.32705962657928467 
47 0.14438152313232422 0.7026925086975098 0.13678696751594543 0.5254698991775513 
30 0.6379615068435669 0.5964633226394653 0.44862842559814453 0.795528769493103 
0 0.14111068844795227 0.7053319215774536 0.13243046402931213 0.5293344259262085 
30 0.2984621524810791 0.4928559958934784 0.17767134308815002 0.3015308976173401 
