22 0.5004593133926392 0.42542919516563416 0.9965333938598633 0.6296425461769104 
30 0.5006314516067505 0.41948649287223816 0.9968667030334473 0.6330862045288086 
7 0.500464677810669 0.42198100686073303 0.9973284006118774 0.6156880855560303 
19 0.5006314516067505 0.39210212230682373 0.9964618682861328 0.5592323541641235 
22 0.5007568597793579 0.34542861580848694 0.9978960752487183 0.6506017446517944 
22 0.5004359483718872 0.41844114661216736 0.9976415634155273 0.6229679584503174 
19 0.5004618167877197 0.4256015121936798 0.9975996017456055 0.626743733882904 
19 0.5634179711341858 0.3488781154155731 0.05148947238922119 0.6788964867591858 
41 0.5004819631576538 0.338209867477417 0.9971492290496826 0.6707310676574707 
22 0.5004931092262268 0.3908199965953827 0.9964994192123413 0.5587599277496338 
