47 0.24373839795589447 0.4475873112678528 0.31057968735694885 0.43888115882873535 
19 0.24484942853450775 0.4491693675518036 0.31546255946159363 0.4374440312385559 
20 0.22609326243400574 0.45003360509872437 0.14492368698120117 0.4362012445926666 
19 0.5274132490158081 0.4470732808113098 0.7440374493598938 0.43601590394973755 
10 0.22876645624637604 0.27826130390167236 0.05343785881996155 0.08943594992160797 
19 0.22530940175056458 0.4502473473548889 0.14427419006824493 0.4398581087589264 
29 0.24432244896888733 0.43520277738571167 0.3098031282424927 0.23564592003822327 
19 0.22654607892036438 0.4491015076637268 0.14462929964065552 0.4327808618545532 
19 0.22404000163078308 0.4489760994911194 0.14012140035629272 0.43572911620140076 
37 0.22706550359725952 0.44824737310409546 0.148267924785614 0.4384859800338745 
