30 0.4971070885658264 0.5384059548377991 0.9942141771316528 0.9173814058303833 
30 0.31292256712913513 0.5401378870010376 0.6230111122131348 0.9161320924758911 
0 0.4132465422153473 0.49965301156044006 0.8264930844306946 0.9978535175323486 
7 0.7809159159660339 0.5003997087478638 0.421886682510376 0.9978014230728149 
20 0.7852558493614197 0.4995844066143036 0.41930699348449707 0.9983348846435547 
30 0.49995893239974976 0.5002787709236145 0.9994035959243774 0.9978405237197876 
29 0.756397545337677 0.4995115101337433 0.13571560382843018 0.9974520206451416 
28 0.741093635559082 0.650367259979248 0.5178127288818359 0.6972302198410034 
22 0.7801377773284912 0.49933454394340515 0.4213904142379761 0.9982585906982422 
28 0.7806252241134644 0.5750658512115479 0.4215599298477173 0.5486282110214233 
