47 0.5001007318496704 0.5050323009490967 0.9904139041900635 0.9825484752655029 
47 0.5001343488693237 0.5036697387695312 0.9930614233016968 0.980064868927002 
19 0.5002281069755554 0.5040589570999146 0.9904592037200928 0.9801808595657349 
30 0.5017940998077393 0.6070343255996704 0.9958688020706177 0.7773240804672241 
30 0.5004839897155762 0.6061618328094482 0.9921916723251343 0.7773544788360596 
30 0.45179370045661926 0.41973164677619934 0.5658268332481384 0.8070703744888306 
30 0.3995673358440399 0.10992427170276642 0.2027762532234192 0.19317927956581116 
30 0.4473824203014374 0.41892239451408386 0.5722111463546753 0.8059333562850952 
39 0.4498142898082733 0.4186277985572815 0.5701075792312622 0.8059189319610596 
47 0.45158621668815613 0.4176390767097473 0.567877471446991 0.803605318069458 
