30 0.4688507616519928 0.4978711009025574 0.8716974258422852 0.9957422018051147 
19 0.5003348588943481 0.4967113137245178 0.9993301630020142 0.9934226274490356 
30 0.26110517978668213 0.28914380073547363 0.45699524879455566 0.5782876014709473 
22 0.500352144241333 0.6407675743103027 0.9992955923080444 0.7017866373062134 
30 0.5001828670501709 0.6493528485298157 0.9994148015975952 0.6858853101730347 
30 0.5002883672714233 0.6399563550949097 0.9994233846664429 0.7095617055892944 
23 0.500329852104187 0.49685877561569214 0.9993401765823364 0.9937175512313843 
23 0.558210551738739 0.6697914600372314 0.686792254447937 0.6453806161880493 
19 0.5574768781661987 0.669987142086029 0.6922715902328491 0.6513186693191528 
42 0.5604133605957031 0.6600137948989868 0.7156615257263184 0.6575276851654053 
