27 0.10112202912569046 0.8227445483207703 0.04256356135010719 0.10673613101243973 
73 0.1559850126504898 0.6313021779060364 0.3108724057674408 0.5029188394546509 
73 0.10335051268339157 0.8256951570510864 0.03985128924250603 0.10216935724020004 
27 0.15497159957885742 0.6303727030754089 0.31035423278808594 0.49855709075927734 
73 0.17757079005241394 0.5986964106559753 0.12420745939016342 0.11086511611938477 
27 0.15520985424518585 0.631600558757782 0.30975842475891113 0.5034046769142151 
73 0.1581578403711319 0.6317789554595947 0.31358081102371216 0.500798225402832 
27 0.10036426782608032 0.8292350172996521 0.04216568544507027 0.09904470294713974 
73 0.2927183210849762 0.7777529358863831 0.034641332924366 0.09673553705215454 
27 0.1552407443523407 0.631321907043457 0.3113594949245453 0.5028911828994751 
2 0.10258499532938004 0.8243306279182434 0.04115704447031021 0.10207675397396088 
27 0.15261968970298767 0.6319150328636169 0.30756938457489014 0.4991985857486725 
