26 0.5004510879516602 0.5006952285766602 0.9989830851554871 0.9895031452178955 
83 0.13044242560863495 0.35339275002479553 0.0645810067653656 0.06962991505861282 
26 0.5007432103157043 0.5005440711975098 0.9990890026092529 0.9908128380775452 
42 0.2127358764410019 0.42966175079345703 0.06057344377040863 0.08251727372407913 
26 0.5005722641944885 0.5006352066993713 0.9993140697479248 0.9888362288475037 
39 0.16719135642051697 0.26989907026290894 0.333980530500412 0.50328528881073 
26 0.5006402134895325 0.500430703163147 0.999262273311615 0.9890139698982239 
42 0.9630159139633179 0.8140846490859985 0.07484378665685654 0.17149294912815094 
26 0.5006192326545715 0.5001699924468994 0.9993176460266113 0.9884780049324036 
88 0.05448699742555618 0.7729761004447937 0.10149463266134262 0.12731057405471802 
26 0.23783963918685913 0.32243040204048157 0.05459137633442879 0.06431134790182114 
88 0.5003415942192078 0.4884711503982544 0.9997041821479797 0.9643155336380005 
26 0.5005002617835999 0.5006149411201477 0.9994022846221924 0.9878965616226196 
39 0.17404097318649292 0.35062962770462036 0.25445646047592163 0.31768888235092163 
42 0.5002593994140625 0.5003870129585266 0.9994420409202576 0.9897326827049255 
26 0.10418009757995605 0.10585523396730423 0.14707742631435394 0.18773230910301208 
26 0.5006096363067627 0.5006231665611267 0.9993656277656555 0.989216685295105 
43 0.22774188220500946 0.08665508776903152 0.11176680028438568 0.15780705213546753 
26 0.5005874037742615 0.5003769993782043 0.9995157718658447 0.9921221137046814 
60 0.2343529313802719 0.32155025005340576 0.058960769325494766 0.06871844083070755 
