26 0.5511924624443054 0.6264927983283997 0.6156873106956482 0.7450641989707947 
39 0.5362630486488342 0.3288920521736145 0.926067054271698 0.6695520877838135 
26 0.5482807159423828 0.6230742335319519 0.6247729659080505 0.7476593852043152 
106 0.9071508646011353 0.9081060886383057 0.1548522263765335 0.17840377986431122 
26 0.14464496076107025 0.6901572942733765 0.290850430727005 0.6139416694641113 
39 0.9074419736862183 0.90230792760849 0.15699252486228943 0.18792758882045746 
26 0.4648161232471466 0.45511338114738464 0.317047655582428 0.40397098660469055 
60 0.5484777092933655 0.6263728737831116 0.6268184185028076 0.7411929368972778 
39 0.5520944595336914 0.6246523261070251 0.6258746385574341 0.7448525428771973 
26 0.9073507189750671 0.9072279334068298 0.15152287483215332 0.18019716441631317 
71 0.5521206259727478 0.6237047910690308 0.6186513304710388 0.749671995639801 
106 0.46596527099609375 0.460873544216156 0.31998300552368164 0.4294413626194 
26 0.5462992787361145 0.6246825456619263 0.6276148557662964 0.7503125071525574 
106 0.5514681935310364 0.3224804997444153 0.896842360496521 0.6519657969474792 
26 0.5498751401901245 0.6242693662643433 0.6165682077407837 0.7472158074378967 
35 0.5249609351158142 0.349709153175354 0.12945811450481415 0.19198362529277802 
26 0.14617334306240082 0.6882920861244202 0.2965250611305237 0.6173396110534668 
35 0.08900494873523712 0.6419390439987183 0.17687645554542542 0.4284500479698181 
26 0.5541650652885437 0.6250635385513306 0.6180179715156555 0.7483487129211426 
71 0.5234932899475098 0.3516959547996521 0.12754204869270325 0.19457881152629852 
