77 0.4445495009422302 0.5049449801445007 0.8897864818572998 0.9793756604194641 
110 0.7697482109069824 0.6824927926063538 0.4598398506641388 0.5821923017501831 
77 0.7483224868774414 0.7295603156089783 0.17087526619434357 0.1276094764471054 
56 0.4521465599536896 0.5058866143226624 0.8899750709533691 0.970928430557251 
77 0.271054744720459 0.39246147871017456 0.528423011302948 0.4324762225151062 
60 0.44417625665664673 0.505216658115387 0.8751705884933472 0.9731115698814392 
77 0.6121810674667358 0.20203644037246704 0.054168134927749634 0.05141541734337807 
86 0.44630205631256104 0.5054349303245544 0.8796820044517517 0.9739853143692017 
77 0.44487833976745605 0.505796492099762 0.8917375206947327 0.979288637638092 
2 0.5473812818527222 0.14235855638980865 0.29314857721328735 0.23931466042995453 
77 0.44044870138168335 0.5056381225585938 0.8813025951385498 0.9795556664466858 
39 0.27164745330810547 0.39889031648635864 0.5312802195549011 0.44877225160598755 
77 0.441498726606369 0.5053542256355286 0.8852198719978333 0.9800326228141785 
130 0.35467833280563354 0.7706667184829712 0.6923508644104004 0.40725716948509216 
57 0.4688042104244232 0.7933915257453918 0.5293704271316528 0.3841513395309448 
77 0.45556166768074036 0.5051539540290833 0.9002242088317871 0.9720757007598877 
39 0.439929336309433 0.5056778192520142 0.8787459135055542 0.9788660407066345 
77 0.7464507818222046 0.7288088202476501 0.18105289340019226 0.12351873517036438 
77 0.44050368666648865 0.5068014860153198 0.8806366324424744 0.9785445928573608 
57 0.3812638223171234 0.43306833505630493 0.36778515577316284 0.3459363579750061 
