48 0.47716987133026123 0.4647905230522156 0.7204157710075378 0.7212110161781311 
125 0.4994555711746216 0.4883134663105011 0.9781255125999451 0.9757458567619324 
96 0.5025573968887329 0.482496052980423 0.9678890109062195 0.9477822184562683 
125 0.480044960975647 0.46230101585388184 0.7213950753211975 0.7351245284080505 
125 0.4748929440975189 0.4640776515007019 0.7387814521789551 0.7382729649543762 
125 0.5007657408714294 0.4853135645389557 0.9716747403144836 0.9662824273109436 
48 0.5013655424118042 0.47372058033943176 0.9569538831710815 0.9349619150161743 
125 0.500558614730835 0.4988241493701935 0.9986207485198975 0.998275637626648 
96 0.5007506012916565 0.4989197254180908 0.9997127652168274 0.9977317452430725 
48 0.49984318017959595 0.48004087805747986 0.9724995493888855 0.9610305428504944 
