7 0.5006234049797058 0.5433415770530701 0.9994650483131409 0.9031769037246704 
39 0.2995861768722534 0.46252191066741943 0.08165092766284943 0.06487362086772919 
7 0.4537852108478546 0.47118079662323 0.716842770576477 0.7024946212768555 
83 0.5004060864448547 0.5494288802146912 0.9985479712486267 0.9046815633773804 
7 0.34206345677375793 0.6162766218185425 0.15553352236747742 0.11203709244728088 
39 0.5003254413604736 0.5515936017036438 0.9984208345413208 0.8968672156333923 
7 0.297773152589798 0.4606051743030548 0.07536930590867996 0.06095984950661659 
60 0.5003451704978943 0.5505563020706177 0.9973223805427551 0.8974920511245728 
7 0.5009040832519531 0.543241560459137 0.9994295239448547 0.9024887681007385 
81 0.3405967056751251 0.6187488436698914 0.1563817411661148 0.11313779652118683 
7 0.5008054375648499 0.5435269474983215 0.9995712637901306 0.9046424031257629 
42 0.45108479261398315 0.4647074043750763 0.6990964412689209 0.6894427537918091 
7 0.5008962154388428 0.5438492894172668 0.9994766116142273 0.902571976184845 
43 0.3701973259449005 0.7263216972351074 0.23322409391403198 0.10582832992076874 
7 0.5063620805740356 0.47178494930267334 0.08361322432756424 0.057319387793540955 
42 0.5003579258918762 0.5490400791168213 0.9978570342063904 0.9018840193748474 
42 0.5008421540260315 0.5448324084281921 0.9993267059326172 0.9032050371170044 
7 0.4194692373275757 0.5226931571960449 0.5284308195114136 0.5146795511245728 
83 0.3720371425151825 0.7169753909111023 0.22853749990463257 0.10376355051994324 
7 0.5002817511558533 0.5487679839134216 0.9980238676071167 0.9011527299880981 
