75 0.869253933429718 0.1272173374891281 0.25924405455589294 0.21589066088199615 
22 0.49777311086654663 0.5145783424377441 0.8742902874946594 0.7613229751586914 
75 0.31072762608528137 0.4434441328048706 0.08346688747406006 0.25824669003486633 
22 0.498174786567688 0.5150357484817505 0.8806770443916321 0.7726410627365112 
144 0.5407682061195374 0.4638938903808594 0.10197337716817856 0.16437283158302307 
22 0.49821290373802185 0.5138198137283325 0.8807837963104248 0.7660291790962219 
144 0.872067391872406 0.7394015192985535 0.05993592366576195 0.05811482295393944 
22 0.49857309460639954 0.514603853225708 0.8854128122329712 0.7718705534934998 
143 0.49654585123062134 0.5123252272605896 0.8987628221511841 0.7551538944244385 
22 0.10983552038669586 0.5585432648658752 0.07628048211336136 0.46485891938209534 
145 0.49988314509391785 0.5130653977394104 0.8914647102355957 0.7555966377258301 
22 0.3872019648551941 0.7849240899085999 0.06014913320541382 0.1777295023202896 
22 0.15502960979938507 0.7534204125404358 0.05206909775733948 0.17063559591770172 
123 0.4976285398006439 0.5119859576225281 0.883550226688385 0.7691766023635864 
144 0.7225094437599182 0.8080671429634094 0.09981372207403183 0.04979882389307022 
22 0.498214453458786 0.5132048726081848 0.8822665214538574 0.761265218257904 
22 0.499087393283844 0.5144273042678833 0.8938663005828857 0.7607232332229614 
144 0.4998186230659485 0.864005446434021 0.9983117580413818 0.2542496621608734 
144 0.4050311744213104 0.43246394395828247 0.08331508189439774 0.28561314940452576 
22 0.4979152977466583 0.5152512788772583 0.8790282607078552 0.7675330638885498 
