143 0.4457803964614868 0.3673884868621826 0.4437505006790161 0.7251823544502258 
116 0.44475144147872925 0.7193623185157776 0.39908716082572937 0.3061390519142151 
143 0.44084876775741577 0.7180274724960327 0.39897480607032776 0.31167861819267273 
116 0.52102130651474 0.786776065826416 0.05199231579899788 0.1011493057012558 
90 0.43970558047294617 0.5516580939292908 0.4429750144481659 0.32010188698768616 
116 0.4499806761741638 0.3625396192073822 0.4591118097305298 0.7288103103637695 
116 0.33388492465019226 0.8074619174003601 0.052031803876161575 0.099425308406353 
143 0.4418066740036011 0.7202024459838867 0.3937045633792877 0.3069259226322174 
116 0.5182278156280518 0.7883539795875549 0.05833377689123154 0.1032290905714035 
143 0.4420315623283386 0.7238509058952332 0.3883880078792572 0.30579686164855957 
143 0.4412749111652374 0.7164899110794067 0.3982994854450226 0.3116542398929596 
116 0.4313362240791321 0.7659491300582886 0.85120689868927 0.4400121569633484 
116 0.4410869777202606 0.7196242213249207 0.3975546360015869 0.310459166765213 
143 0.33483296632766724 0.8093727827072144 0.054426953196525574 0.1067662388086319 
90 0.43576768040657043 0.2454696148633957 0.3895784318447113 0.48190736770629883 
111 0.4486081302165985 0.36148518323898315 0.45484769344329834 0.7289710640907288 
90 0.44360244274139404 0.3623339831829071 0.43959933519363403 0.7231356501579285 
86 0.4385036528110504 0.2395704686641693 0.369314044713974 0.4775286316871643 
90 0.5314458012580872 0.7853560447692871 0.058415092527866364 0.10101154446601868 
111 0.44404083490371704 0.7173653244972229 0.40110522508621216 0.31896212697029114 
