149 0.5871114730834961 0.6901636719703674 0.09305931627750397 0.11792530119419098 
39 0.6237939596176147 0.4986860752105713 0.745146632194519 0.9981120824813843 
149 0.5383343696594238 0.49557653069496155 0.5106393098831177 0.551059365272522 
39 0.6251685619354248 0.49857765436172485 0.744342565536499 0.9981759786605835 
149 0.16641829907894135 0.732162356376648 0.33250388503074646 0.5315477252006531 
60 0.6261350512504578 0.498550146818161 0.7464510798454285 0.9982516169548035 
149 0.6219046115875244 0.5000981092453003 0.7512475848197937 0.9981704950332642 
149 0.580416738986969 0.6751800775527954 0.09837889671325684 0.15020570158958435 
149 0.6240708231925964 0.5003543496131897 0.7484846711158752 0.998138427734375 
39 0.5283702611923218 0.4886647164821625 0.5129690170288086 0.5568981170654297 
73 0.6261556148529053 0.5001107454299927 0.7461289167404175 0.9984114170074463 
149 0.8330982327461243 0.8137506246566772 0.14301127195358276 0.36746928095817566 
149 0.5030794143676758 0.49902164936065674 0.9917682409286499 0.9984971284866333 
73 0.166977196931839 0.6938570737838745 0.3334891200065613 0.6065618991851807 
39 0.8823747634887695 0.8065323829650879 0.15794900059700012 0.383770227432251 
149 0.6239947080612183 0.4989820718765259 0.7429748177528381 0.9985369443893433 
73 0.6260554194450378 0.5001770853996277 0.7453262209892273 0.998223602771759 
149 0.5006601810455322 0.49850499629974365 0.9961038827896118 0.9984416365623474 
60 0.6194471716880798 0.49994415044784546 0.758061408996582 0.9982352256774902 
149 0.5774654746055603 0.6858240365982056 0.09739978611469269 0.1362251341342926 
