48 0.8768887519836426 0.5585710406303406 0.24649736285209656 0.35919061303138733 
96 0.5000907182693481 0.8358070254325867 0.9984700083732605 0.32529935240745544 
96 0.3841814398765564 0.5533040165901184 0.6567210555076599 0.4923529326915741 
125 0.500155508518219 0.6864498257637024 0.9989960789680481 0.5310723781585693 
140 0.5009316205978394 0.6782410144805908 0.9991598129272461 0.5532636642456055 
96 0.4996747672557831 0.9138854742050171 0.998606264591217 0.1660735011100769 
96 0.5009903311729431 0.6800159811973572 0.9994605183601379 0.5425451993942261 
48 0.386711448431015 0.5546330213546753 0.6509174108505249 0.4915316104888916 
125 0.3847210705280304 0.5524365901947021 0.6597729325294495 0.50323885679245 
96 0.5000894069671631 0.6906141042709351 0.9988314509391785 0.5311327576637268 
48 0.08571391552686691 0.4716397821903229 0.1582990437746048 0.28399986028671265 
96 0.09574119001626968 0.4052310287952423 0.13783206045627594 0.14063625037670135 
17 0.5007076263427734 0.910685658454895 0.9989756345748901 0.16749216616153717 
96 0.4999895691871643 0.6762220859527588 0.9983654618263245 0.536907970905304 
48 0.5632321834564209 0.6587751507759094 0.20781564712524414 0.16909970343112946 
96 0.500089704990387 0.681121289730072 0.9987493753433228 0.542102575302124 
33 0.29386886954307556 0.67076176404953 0.18067878484725952 0.15648287534713745 
125 0.5000656843185425 0.6861735582351685 0.9987032413482666 0.5314496755599976 
90 0.8766754865646362 0.5644773244857788 0.24827706813812256 0.35341039299964905 
59 0.500033438205719 0.6789953708648682 0.9981039762496948 0.5351609587669373 
