77 0.6972874999046326 0.587713360786438 0.27433404326438904 0.806115984916687 
59 0.7031888961791992 0.47922754287719727 0.2485872358083725 0.39860156178474426 
77 0.20951101183891296 0.7216808199882507 0.1955539584159851 0.551562488079071 
65 0.19295336306095123 0.5014063119888306 0.13471142947673798 0.09474696218967438 
77 0.7008087635040283 0.6901711821556091 0.0752728283405304 0.10784786194562912 
53 0.6989237666130066 0.5851934552192688 0.26938098669052124 0.8013282418251038 
148 0.7026048302650452 0.06454528123140335 0.05804595351219177 0.05550369992852211 
59 0.7141006588935852 0.10419834405183792 0.05726664140820503 0.09949875622987747 
59 0.4620932638645172 0.7620164155960083 0.17142264544963837 0.46915358304977417 
60 0.49508458375930786 0.5973192453384399 0.1067214235663414 0.1441175639629364 
52 0.4586208462715149 0.7616573572158813 0.1757446825504303 0.46803081035614014 
59 0.4629468619823456 0.7806900143623352 0.14416711032390594 0.22677873075008392 
77 0.7295348644256592 0.20261310040950775 0.12449231743812561 0.2806936800479889 
57 0.7094206809997559 0.06728510558605194 0.05587299168109894 0.05561753734946251 
148 0.6967014074325562 0.591567873954773 0.27709805965423584 0.8089988231658936 
59 0.6965051293373108 0.6941635608673096 0.07480085641145706 0.1124892309308052 
57 0.46040618419647217 0.7617778778076172 0.17198124527931213 0.46643611788749695 
77 0.497214674949646 0.5963507294654846 0.10541404038667679 0.1406945139169693 
59 0.19147637486457825 0.49781399965286255 0.13104575872421265 0.0906120166182518 
60 0.207547128200531 0.5547479391098022 0.10301779210567474 0.13277201354503632 
