77 0.35943466424942017 0.6122105717658997 0.05046758055686951 0.08229866623878479 
53 0.3988358974456787 0.5703878402709961 0.1536547839641571 0.181043341755867 
77 0.642545759677887 0.5473814010620117 0.5600021481513977 0.8966459631919861 
127 0.6460265517234802 0.6738015413284302 0.5342611074447632 0.6449931263923645 
53 0.9448615908622742 0.4038645029067993 0.1086726039648056 0.32892945408821106 
77 0.944182276725769 0.4260549545288086 0.1087854728102684 0.1913600116968155 
53 0.6365744471549988 0.25434231758117676 0.139897421002388 0.06653738766908646 
125 0.6467429399490356 0.2779673635959625 0.141128808259964 0.26646628975868225 
77 0.3931707739830017 0.6398541927337646 0.09460963308811188 0.05527404695749283 
65 0.2468174397945404 0.7793034911155701 0.4941679537296295 0.42773884534835815 
53 0.03821495547890663 0.6155990362167358 0.041614972054958344 0.09446350485086441 
43 0.24509838223457336 0.7778342366218567 0.49095427989959717 0.4335925281047821 
53 0.6445115804672241 0.549006998538971 0.5579452514648438 0.896086573600769 
125 0.6527924537658691 0.2707737982273102 0.15190951526165009 0.27942660450935364 
77 0.7004413604736328 0.2874968945980072 0.04405101761221886 0.08103283494710922 
56 0.6391428709030151 0.544598400592804 0.5568154454231262 0.9023400545120239 
77 0.27023184299468994 0.5411194562911987 0.4660564661026001 0.9052861928939819 
65 0.2686164081096649 0.6752945184707642 0.44327878952026367 0.6368681192398071 
77 0.6416795253753662 0.547287106513977 0.5620143413543701 0.8988872170448303 
127 0.6487289667129517 0.6756211519241333 0.09529316425323486 0.4999239444732666 
