94 0.08033523708581924 0.9540221691131592 0.15691883862018585 0.0716824159026146 
126 0.05921996012330055 0.7979770302772522 0.11845371872186661 0.3369766175746918 
94 0.7083101868629456 0.23369200527668 0.07533878833055496 0.04294580966234207 
146 0.7179021239280701 0.24344289302825928 0.14719702303409576 0.07002861797809601 
146 0.4209747016429901 0.054131802171468735 0.054503265768289566 0.0659128725528717 
94 0.4472801983356476 0.07523784041404724 0.1993396282196045 0.12480238080024719 
146 0.43960249423980713 0.07161610573530197 0.1949838250875473 0.12015077471733093 
94 0.43276098370552063 0.06275707483291626 0.07523498684167862 0.05890042707324028 
135 0.49833378195762634 0.06597892194986343 0.061484768986701965 0.054806679487228394 
21 0.445517361164093 0.07485713809728622 0.19461162388324738 0.12813909351825714 
126 0.4386669993400574 0.07033318281173706 0.19204717874526978 0.11329002678394318 
94 0.49641409516334534 0.062170132994651794 0.06949588656425476 0.05446457862854004 
