77 0.49314776062965393 0.4103584289550781 0.3442070484161377 0.43211236596107483 
110 0.4500732719898224 0.5341199636459351 0.8135808706283569 0.7334713935852051 
77 0.49294739961624146 0.41319024562835693 0.3429568409919739 0.4347602128982544 
112 0.638862669467926 0.6230607628822327 0.47194206714630127 0.14806075394153595 
77 0.4952477812767029 0.41692227125167847 0.34025320410728455 0.4328416585922241 
56 0.6043986082077026 0.3686884939670563 0.08331076800823212 0.16176119446754456 
77 0.5528210401535034 0.3431025743484497 0.2028782069683075 0.1830543577671051 
2 0.49365508556365967 0.4099818468093872 0.3477134704589844 0.4457550048828125 
110 0.5216973423957825 0.43176111578941345 0.19117043912410736 0.15452133119106293 
77 0.49271610379219055 0.4105703830718994 0.3474256098270416 0.44639459252357483 
77 0.49303698539733887 0.4134889841079712 0.3392289876937866 0.43220338225364685 
54 0.6048112511634827 0.45953381061553955 0.06269492208957672 0.07356047630310059 
77 0.4939110577106476 0.41406771540641785 0.338571697473526 0.42881834506988525 
124 0.622650146484375 0.3093447983264923 0.08038338273763657 0.09465292096138 
73 0.49351686239242554 0.4138082265853882 0.34407684206962585 0.4342575967311859 
77 0.5560311079025269 0.34261271357536316 0.19815896451473236 0.18197976052761078 
60 0.4939476251602173 0.41411012411117554 0.3448992669582367 0.43297311663627625 
77 0.5258554220199585 0.42890632152557373 0.19096696376800537 0.1396685540676117 
77 0.5761209726333618 0.501325249671936 0.07756970077753067 0.17753803730010986 
60 0.4945644438266754 0.4096187651157379 0.34197998046875 0.4396840035915375 
