52 0.5721957087516785 0.32036063075065613 0.11489103734493256 0.24474041163921356 
110 0.5743092894554138 0.29977700114250183 0.0994466170668602 0.11933808028697968 
77 0.18739157915115356 0.4204106628894806 0.19420082867145538 0.543375551700592 
110 0.1833709478378296 0.2447700947523117 0.1303781419992447 0.20027537643909454 
77 0.6061577200889587 0.5871195793151855 0.058391597121953964 0.06313381344079971 
110 0.5110258460044861 0.6932063102722168 0.303426057100296 0.24775248765945435 
148 0.3754071891307831 0.596022367477417 0.4073357880115509 0.6366324424743652 
56 0.31237131357192993 0.4874701201915741 0.18464814126491547 0.22236138582229614 
53 0.37561431527137756 0.5943973064422607 0.40873679518699646 0.6373959183692932 
125 0.3307574391365051 0.33539047837257385 0.14305487275123596 0.1117425486445427 
52 0.3293396532535553 0.2727767825126648 0.17618317902088165 0.21392062306404114 
56 0.3282220661640167 0.2872808277606964 0.1669306755065918 0.12614281475543976 
