77 0.8894721269607544 0.5840329527854919 0.22118526697158813 0.8269211053848267 
110 0.8974637389183044 0.6618976593017578 0.19917526841163635 0.4751920998096466 
148 0.6799437403678894 0.5815957188606262 0.10424279421567917 0.21520018577575684 
56 0.6744593977928162 0.5897464752197266 0.0903867781162262 0.14886735379695892 
148 0.6807303428649902 0.5808200836181641 0.10624960064888 0.218349888920784 
110 0.6953633427619934 0.6471009850502014 0.08553814142942429 0.09183820337057114 
148 0.8886167407035828 0.5821689963340759 0.2226996123790741 0.8300697207450867 
66 0.9213963747024536 0.275185227394104 0.11539938300848007 0.21750955283641815 
148 0.8867720365524292 0.5827676653862 0.22548091411590576 0.8263657093048096 
3 0.8610945343971252 0.443185955286026 0.05532566457986832 0.07133850455284119 
77 0.07640711218118668 0.577963650226593 0.09761731326580048 0.19246190786361694 
110 0.07290612161159515 0.590726912021637 0.07852586358785629 0.12020887434482574 
77 0.886634886264801 0.5812734365463257 0.22786515951156616 0.8324432373046875 
66 0.8611996173858643 0.7808969020843506 0.1744285225868225 0.2945917248725891 
148 0.8892220854759216 0.5833719372749329 0.2223769724369049 0.8308722376823425 
57 0.908039927482605 0.8602445721626282 0.1825839877128601 0.2688967287540436 
