77 0.7426221370697021 0.5723767280578613 0.09964508563280106 0.39625734090805054 
73 0.7316126823425293 0.7573614120483398 0.34647300839424133 0.07367308437824249 
77 0.7425561547279358 0.5713624954223633 0.0999910831451416 0.3953760266304016 
124 0.7319704294204712 0.7536280155181885 0.3380926251411438 0.077426016330719 
77 0.7433847784996033 0.5714684128761292 0.10332031548023224 0.39699652791023254 
124 0.5004650950431824 0.6169527769088745 0.9994683861732483 0.7493497133255005 
77 0.7442497611045837 0.5719532370567322 0.10035856813192368 0.3976878523826599 
60 0.7513570785522461 0.40178659558296204 0.03971054032444954 0.06360939890146255 
77 0.7454869747161865 0.5724263787269592 0.09836115688085556 0.39467525482177734 
98 0.6761242747306824 0.6208430528640747 0.12393804639577866 0.22373759746551514 
77 0.735346257686615 0.7584061622619629 0.35356274247169495 0.0665401965379715 
6 0.7461320757865906 0.571624755859375 0.09754283726215363 0.3938747048377991 
124 0.7429491877555847 0.5723958015441895 0.09564518183469772 0.3946717083454132 
77 0.757794976234436 0.6570723652839661 0.04244992509484291 0.20468194782733917 
