95 0.4633035957813263 0.5563136339187622 0.16064484417438507 0.18046128749847412 
100 0.514293372631073 0.2774551510810852 0.27800652384757996 0.5136100649833679 
14 0.33489787578582764 0.36167168617248535 0.10504934936761856 0.20093336701393127 
109 0.5121684670448303 0.2886159121990204 0.2777795195579529 0.5247417688369751 
27 0.029175428673624992 0.36607518792152405 0.059323910623788834 0.20355567336082458 
144 0.31121426820755005 0.7953913807868958 0.6284012794494629 0.3997458219528198 
27 0.6111680865287781 0.5561729073524475 0.15074123442173004 0.24352560937404633 
144 0.6108856201171875 0.6751962304115295 0.0739186629652977 0.08400405198335648 
27 0.5111183524131775 0.27798721194267273 0.2717832624912262 0.5248783826828003 
144 0.5006318688392639 0.499377965927124 0.998894989490509 0.9983429908752441 
27 0.4614298343658447 0.5534159541130066 0.15308651328086853 0.17007258534431458 
144 0.5147321224212646 0.2793201506137848 0.28210344910621643 0.5293076038360596 
95 0.4613882005214691 0.5575678944587708 0.16081643104553223 0.17756229639053345 
100 0.5154474377632141 0.27955862879753113 0.28838270902633667 0.5295112729072571 
70 0.8064463138580322 0.33531591296195984 0.08205439895391464 0.06884071230888367 
8 0.7718443274497986 0.37610530853271484 0.24417270720005035 0.7084415555000305 
144 0.4619772434234619 0.5575639605522156 0.1666700839996338 0.18066997826099396 
105 0.5163533091545105 0.2790418863296509 0.28317755460739136 0.5281673669815063 
27 0.46303045749664307 0.5570375323295593 0.15978501737117767 0.175888329744339 
144 0.5153465270996094 0.28014659881591797 0.2856638729572296 0.5276898741722107 
