83 0.533111035823822 0.3395395278930664 0.08142119646072388 0.06434860825538635 
7 0.5933879613876343 0.4285055994987488 0.7777045965194702 0.8504136800765991 
42 0.2817597985267639 0.12020286917686462 0.3192601799964905 0.09602933377027512 
7 0.2672650218009949 0.28581199049949646 0.5278232097625732 0.3872516453266144 
39 0.2970336079597473 0.30766966938972473 0.06656316667795181 0.04564790800213814 
7 0.2711394131183624 0.2846057116985321 0.533970832824707 0.4014175534248352 
7 0.6112934350967407 0.4329187572002411 0.7591117024421692 0.861117959022522 
83 0.5338247418403625 0.33431103825569153 0.08247870951890945 0.0642227828502655 
7 0.1767195761203766 0.7221543788909912 0.06666955351829529 0.052868422120809555 
42 0.3769330084323883 0.6979182958602905 0.7356160283088684 0.5971649885177612 
39 0.3084653913974762 0.4345420300960541 0.10308761894702911 0.0576142743229866 
7 0.35642120242118835 0.695492148399353 0.7011829614639282 0.5979517698287964 
42 0.32302260398864746 0.06632476300001144 0.22895385324954987 0.09296157211065292 
7 0.34747540950775146 0.689468264579773 0.6808153986930847 0.6062279939651489 
83 0.6153688430786133 0.43324461579322815 0.7528589963912964 0.8623295426368713 
7 0.5913263559341431 0.15944786369800568 0.08342611789703369 0.051400210708379745 
