148 0.5000755190849304 0.4999065697193146 0.9945066571235657 0.9935439825057983 
56 0.4714425802230835 0.2691577076911926 0.09996487200260162 0.03922615572810173 
148 0.7866413593292236 0.4737192988395691 0.3095015585422516 0.27846193313598633 
110 0.501233696937561 0.4995028078556061 0.9912472367286682 0.9947944283485413 
148 0.5765758156776428 0.31724992394447327 0.10280777513980865 0.08540891855955124 
39 0.500625729560852 0.49979278445243835 0.9942541718482971 0.9951090216636658 
83 0.5001749396324158 0.49997496604919434 0.995258629322052 0.9943042397499084 
148 0.5753600597381592 0.3140624165534973 0.10383150726556778 0.0872027575969696 
148 0.500175416469574 0.4998922049999237 0.9944537281990051 0.9937137961387634 
83 0.36055153608322144 0.6636946797370911 0.6427444219589233 0.3358795940876007 
148 0.5002636909484863 0.4999880790710449 0.9963513612747192 0.9939298629760742 
57 0.7786433100700378 0.47306153178215027 0.3141542673110962 0.2681467831134796 
148 0.5003018379211426 0.4999152421951294 0.9970380067825317 0.9947053790092468 
42 0.6068345904350281 0.5299875140190125 0.24888263642787933 0.22546598315238953 
81 0.5002226829528809 0.5000448226928711 0.99565589427948 0.9933035969734192 
148 0.44673892855644226 0.2802198529243469 0.5354617834091187 0.5584867000579834 
148 0.5651271939277649 0.39596325159072876 0.14311270415782928 0.05172755941748619 
81 0.5008175373077393 0.4997378885746002 0.9915356636047363 0.9947887659072876 
57 0.5002022385597229 0.5001712441444397 0.9974430799484253 0.9932389259338379 
148 0.5695169568061829 0.3922843933105469 0.14060521125793457 0.052233774214982986 
