33 0.6325885057449341 0.3618484437465668 0.10384532809257507 0.27950847148895264 
58 0.5007674694061279 0.38140514492988586 0.3479368984699249 0.5856863260269165 
33 0.5054385662078857 0.3781234323978424 0.35448211431503296 0.5960401296615601 
58 0.500745952129364 0.49830353260040283 0.9996672868728638 0.9974279999732971 
58 0.5063878893852234 0.3771515190601349 0.36040908098220825 0.600273072719574 
33 0.6303053498268127 0.355918288230896 0.09880857169628143 0.27620962262153625 
33 0.6323410272598267 0.3602716326713562 0.1048884391784668 0.2884479761123657 
125 0.4998399019241333 0.3871647119522095 0.3485330641269684 0.599185585975647 
58 0.5073027610778809 0.3797861933708191 0.3600348234176636 0.5979156494140625 
33 0.6305098533630371 0.352907657623291 0.1026659682393074 0.27716031670570374 
33 0.5058112144470215 0.3772909939289093 0.3543180227279663 0.6032247543334961 
125 0.5007923245429993 0.49823540449142456 0.9995892643928528 0.9975249171257019 
