27 0.2561625838279724 0.7847974896430969 0.1817319244146347 0.4109133183956146 
8 0.5006210207939148 0.4982732832431793 0.9991413354873657 0.9985949397087097 
125 0.13164128363132477 0.8386023640632629 0.05462118610739708 0.2973097860813141 
105 0.12642508745193481 0.7870055437088013 0.24611802399158478 0.4115167260169983 
27 0.5107728838920593 0.2931009531021118 0.15957872569561005 0.5979180335998535 
125 0.5006603598594666 0.49767059087753296 0.9992747902870178 0.9983110427856445 
27 0.2610013484954834 0.7845842242240906 0.1815594732761383 0.4129694104194641 
125 0.6827680468559265 0.7161043286323547 0.5510706305503845 0.5577920079231262 
125 0.15598849952220917 0.7875297665596008 0.2419477105140686 0.41260209679603577 
73 0.2395125776529312 0.8582601547241211 0.041453469544649124 0.24286264181137085 
125 0.6799753904342651 0.725124716758728 0.5802379250526428 0.544365644454956 
73 0.5007274746894836 0.4984130263328552 0.9993434548377991 0.9985336065292358 
144 0.0832052007317543 0.31652161478996277 0.1685929298400879 0.6408027410507202 
105 0.5006873607635498 0.4982113540172577 0.9992094039916992 0.9983407258987427 
27 0.12650984525680542 0.7851822972297668 0.2503404915332794 0.41106361150741577 
105 0.5006981492042542 0.49874383211135864 0.9994066953659058 0.9985985159873962 
8 0.24469630420207977 0.7856735587120056 0.17889870703220367 0.4143207371234894 
105 0.12814556062221527 0.7858690023422241 0.24953921139240265 0.4155409038066864 
27 0.12526683509349823 0.785712480545044 0.24847207963466644 0.4148596525192261 
105 0.1330820769071579 0.8428356051445007 0.05700857192277908 0.27967369556427 
