53 0.8017944097518921 0.17071124911308289 0.3008536100387573 0.3400369882583618 
125 0.5004701018333435 0.5793543457984924 0.9998207688331604 0.8387247323989868 
96 0.5007660388946533 0.6983079314231873 0.9981572031974792 0.5970255136489868 
125 0.500525176525116 0.5767939686775208 0.9997950196266174 0.8422010540962219 
90 0.4626898169517517 0.22785277664661407 0.1472846269607544 0.1214757189154625 
125 0.5004480481147766 0.5757984519004822 0.9998154044151306 0.8434023261070251 
33 0.5015085339546204 0.09680519998073578 0.542770266532898 0.19194985926151276 
125 0.5002837777137756 0.5772812366485596 0.9998506307601929 0.8382214307785034 
90 0.5167618989944458 0.09911174327135086 0.5770744681358337 0.195122629404068 
110 0.48555025458335876 0.09030404686927795 0.4397246539592743 0.1800914704799652 
96 0.8191484212875366 0.17546039819717407 0.3502339720726013 0.12385015934705734 
96 0.8259215950965881 0.1763518899679184 0.3578045070171356 0.14217603206634521 
49 0.8185953497886658 0.1794968545436859 0.35926732420921326 0.13925783336162567 
125 0.5003958940505981 0.5779691934585571 0.9998015761375427 0.8393213152885437 
96 0.34686559438705444 0.7389419674873352 0.2522891163825989 0.2524729371070862 
125 0.5005292892456055 0.577629029750824 0.9998071789741516 0.841407835483551 
