53 0.41479218006134033 0.2777487337589264 0.10740186274051666 0.32513493299484253 
125 0.5005253553390503 0.5527863502502441 0.9994055032730103 0.8840255737304688 
53 0.5010156631469727 0.45766058564186096 0.9919137954711914 0.7273993492126465 
125 0.5006975531578064 0.5532227754592896 0.9992857575416565 0.881313145160675 
53 0.7863113284111023 0.6041521430015564 0.438850075006485 0.40433552861213684 
125 0.8116200566291809 0.5914983153343201 0.38174811005592346 0.36450546979904175 
53 0.41341039538383484 0.27484241127967834 0.10911370068788528 0.3254312574863434 
125 0.500612735748291 0.5520792007446289 0.9994727969169617 0.8880093693733215 
48 0.8095394372940063 0.5886033773422241 0.3865119516849518 0.37266865372657776 
96 0.78510981798172 0.6044763922691345 0.4351315498352051 0.39950546622276306 
96 0.7834712862968445 0.608858585357666 0.4413093626499176 0.3951840400695801 
125 0.5006301999092102 0.5520867109298706 0.999492883682251 0.8904567956924438 
53 0.05179303139448166 0.36169642210006714 0.10073866695165634 0.2868235409259796 
125 0.5006493330001831 0.5516877174377441 0.999546229839325 0.8911189436912537 
53 0.19841894507408142 0.2439713329076767 0.12528207898139954 0.3782798945903778 
125 0.5005854964256287 0.5509982109069824 0.9994155168533325 0.8894973993301392 
48 0.8083792924880981 0.5983249545097351 0.3897572457790375 0.35197460651397705 
96 0.7870066165924072 0.5977767109870911 0.4312054216861725 0.41200459003448486 
96 0.5046666860580444 0.18347428739070892 0.3667824864387512 0.15249088406562805 
48 0.5006186366081238 0.551018238067627 0.9991205334663391 0.8845002055168152 
