133 0.4792651832103729 0.609725296497345 0.2000473588705063 0.2821749150753021 
120 0.48825401067733765 0.5414564609527588 0.1575559824705124 0.08385426551103592 
77 0.4875966012477875 0.5434423089027405 0.15942107141017914 0.08139108866453171 
86 0.47708553075790405 0.6080173254013062 0.1875057816505432 0.27301743626594543 
77 0.47745177149772644 0.6113559603691101 0.19851054251194 0.2757038474082947 
98 0.379703551530838 0.6294762492179871 0.043549180030822754 0.17910079658031464 
77 0.4772581458091736 0.6113643646240234 0.19762732088565826 0.2768387794494629 
65 0.5000409483909607 0.7609096169471741 0.9991210103034973 0.47079530358314514 
77 0.4907819628715515 0.6492490172386169 0.07863294333219528 0.1458176076412201 
120 0.4774731993675232 0.6087960600852966 0.1809874325990677 0.2710111737251282 
120 0.47791582345962524 0.6111161708831787 0.198459193110466 0.2778729200363159 
133 0.4873470366001129 0.5427157282829285 0.1579824537038803 0.08738992363214493 
103 0.4777691066265106 0.6111968755722046 0.19693610072135925 0.2783758342266083 
120 0.4930984675884247 0.6512892246246338 0.08491525053977966 0.14605167508125305 
135 0.291372150182724 0.8640527725219727 0.36808618903160095 0.18993930518627167 
120 0.4999953508377075 0.7662495374679565 0.9990372657775879 0.4607718288898468 
117 0.49848681688308716 0.8633568286895752 0.9658061861991882 0.2615661919116974 
120 0.5000170469284058 0.7613008618354797 0.9991810917854309 0.4679318070411682 
135 0.500484824180603 0.757155179977417 0.9995424747467041 0.46821221709251404 
120 0.7176408171653748 0.9061527252197266 0.32782241702079773 0.1609441339969635 
