22 0.12526662647724152 0.3978025019168854 0.2481951266527176 0.3335535526275635 
37 0.5225043296813965 0.46778547763824463 0.7558792233467102 0.8511619567871094 
22 0.390803724527359 0.13986967504024506 0.2526198625564575 0.10920172929763794 
123 0.5226829648017883 0.46626847982406616 0.7619847655296326 0.8549957871437073 
75 0.9817306995391846 0.6705005764961243 0.03657550737261772 0.3689895570278168 
22 0.8299643993377686 0.8410546183586121 0.34012240171432495 0.30723121762275696 
37 0.5076443552970886 0.7257282733917236 0.052094873040914536 0.06928659975528717 
22 0.5234155058860779 0.46893811225891113 0.7625852823257446 0.8486690521240234 
114 0.5243487358093262 0.465110182762146 0.7535536289215088 0.8478630781173706 
22 0.7084299921989441 0.7582786083221436 0.059748657047748566 0.19291047751903534 
144 0.5242047905921936 0.4683956503868103 0.7639493346214294 0.8651696443557739 
22 0.49903222918510437 0.7958024740219116 0.993293046951294 0.38968464732170105 
96 0.37205052375793457 0.3216187655925751 0.4093400835990906 0.5239874720573425 
22 0.5247483849525452 0.4674740135669708 0.7675284743309021 0.8567485809326172 
144 0.6289941668510437 0.5246161222457886 0.07479604333639145 0.6334035396575928 
22 0.5238550305366516 0.46738526225090027 0.7700005173683167 0.857815682888031 
25 0.9821168780326843 0.672345757484436 0.03663230687379837 0.3603232502937317 
22 0.8277338147163391 0.853544294834137 0.34131333231925964 0.2844359874725342 
129 0.7884419560432434 0.4807198643684387 0.18056687712669373 0.2042967975139618 
22 0.522966742515564 0.46640244126319885 0.7604002952575684 0.8595062494277954 
