114 0.5109689831733704 0.3059420883655548 0.06976131349802017 0.10938799381256104 
98 0.4963926076889038 0.29728540778160095 0.40062230825424194 0.3421037793159485 
74 0.4988332986831665 0.30714643001556396 0.25569337606430054 0.14410212635993958 
114 0.4962340295314789 0.2974071204662323 0.39489009976387024 0.3348660171031952 
114 0.4927552342414856 0.29603341221809387 0.36487504839897156 0.3286440968513489 
98 0.5139485597610474 0.7182729840278625 0.05909574404358864 0.5606943964958191 
74 0.4947952926158905 0.29112330079078674 0.3678991496562958 0.32716044783592224 
114 0.5155860781669617 0.7183166146278381 0.06251311302185059 0.559247612953186 
74 0.6102080941200256 0.3110182583332062 0.06988494098186493 0.10911617428064346 
114 0.49502310156822205 0.2978150546550751 0.39652788639068604 0.33577898144721985 
