77 0.5430314540863037 0.6710402965545654 0.2530689835548401 0.5269866585731506 
101 0.6859612464904785 0.6748733520507812 0.1441466063261032 0.11013876646757126 
77 0.9601825475692749 0.3083876669406891 0.08034513145685196 0.5348212122917175 
110 0.9642143845558167 0.21378500759601593 0.06962752342224121 0.1742653250694275 
77 0.542079746723175 0.6712595224380493 0.25912395119667053 0.5324422121047974 
112 0.6860721707344055 0.6758349537849426 0.14718088507652283 0.11420289427042007 
77 0.5459883809089661 0.39008715748786926 0.16558438539505005 0.40153756737709045 
112 0.513714075088501 0.8428769111633301 0.03948049247264862 0.06962291896343231 
77 0.5121021866798401 0.8889718651771545 0.04951711371541023 0.07689874619245529 
59 0.5423362851142883 0.6666876673698425 0.2477952241897583 0.5268111824989319 
77 0.5414158701896667 0.670942485332489 0.25809475779533386 0.5284403562545776 
60 0.6224296689033508 0.6880221366882324 0.05324988067150116 0.05834650620818138 
77 0.5424942970275879 0.6706336140632629 0.2532658874988556 0.5252162218093872 
111 0.5801222920417786 0.4750867187976837 0.0603516586124897 0.0999571681022644 
77 0.6861257553100586 0.6760597825050354 0.14326688647270203 0.10949812084436417 
111 0.6254865527153015 0.6872871518135071 0.055846381932497025 0.0581158809363842 
77 0.5912747979164124 0.2191346138715744 0.048714347183704376 0.0574302151799202 
59 0.5898259878158569 0.2365536242723465 0.051350560039281845 0.08468788117170334 
111 0.5427365899085999 0.6706244349479675 0.2557618319988251 0.5263475179672241 
77 0.5242857933044434 0.5585831999778748 0.15907132625579834 0.18527406454086304 
