77 0.4398748278617859 0.532406210899353 0.19535304605960846 0.20564378798007965 
110 0.4973815381526947 0.6308614611625671 0.35167044401168823 0.30378490686416626 
144 0.4893544614315033 0.6301472187042236 0.23207898437976837 0.1531257927417755 
77 0.49832868576049805 0.6301525235176086 0.3579903542995453 0.3096652626991272 
144 0.44091254472732544 0.531408965587616 0.18904709815979004 0.20072989165782928 
77 0.498193621635437 0.6294024586677551 0.3557610511779785 0.3076047897338867 
144 0.5006325840950012 0.6296059489250183 0.34899213910102844 0.29571229219436646 
77 0.4910326898097992 0.6116886734962463 0.04887063056230545 0.06331765651702881 
77 0.5006403923034668 0.6291188597679138 0.3497808873653412 0.2983568012714386 
56 0.4950028359889984 0.5287617444992065 0.09041418135166168 0.08962894976139069 
77 0.4996899366378784 0.6293540000915527 0.3514992296695709 0.3025915026664734 
111 0.49125006794929504 0.6286142468452454 0.22858737409114838 0.140385702252388 
110 0.4992062449455261 0.6292558908462524 0.3484594523906708 0.29765480756759644 
77 0.48401033878326416 0.7084212303161621 0.3015022575855255 0.1078428328037262 
60 0.49992239475250244 0.6300309896469116 0.3504658639431 0.29997095465660095 
77 0.5913674235343933 0.7553839683532715 0.06853510439395905 0.04616899415850639 
77 0.500022828578949 0.6297894716262817 0.3452199399471283 0.2944369614124298 
60 0.5434686541557312 0.649884819984436 0.13634778559207916 0.11536918580532074 
77 0.49996864795684814 0.629326343536377 0.35289376974105835 0.2978426218032837 
86 0.4204454720020294 0.7578836679458618 0.07218392938375473 0.04861172288656235 
