19 0.7416049242019653 0.7118021845817566 0.1749356985092163 0.5682440400123596 
110 0.7428860068321228 0.7308692932128906 0.16425959765911102 0.3036983013153076 
19 0.12319295108318329 0.5962002873420715 0.1113148182630539 0.45041826367378235 
112 0.12097717821598053 0.3981555104255676 0.05789666622877121 0.055622659623622894 
19 0.5832816362380981 0.6503387689590454 0.13181062042713165 0.6716309785842896 
112 0.5631529688835144 0.932162344455719 0.08578228950500488 0.09086010605096817 
19 0.9041013121604919 0.6898375153541565 0.1921202689409256 0.6104283332824707 
110 0.9084771275520325 0.6969614028930664 0.18222932517528534 0.3164878487586975 
19 0.24250397086143494 0.553790807723999 0.12376055121421814 0.5175861716270447 
101 0.09005288034677505 0.6987760663032532 0.09150430560112 0.2371949404478073 
19 0.686018168926239 0.600202739238739 0.1451621651649475 0.7316341400146484 
110 0.6925105452537537 0.2590743601322174 0.06518907845020294 0.059369396418333054 
19 0.12101317197084427 0.5961335897445679 0.11143601685762405 0.4494345486164093 
24 0.0853450670838356 0.6896954774856567 0.09170153737068176 0.22173777222633362 
52 0.582169771194458 0.6470978856086731 0.12972335517406464 0.6697797775268555 
110 0.6877950429916382 0.3673544228076935 0.08292197436094284 0.0877009704709053 
112 0.38716036081314087 0.6110890507698059 0.13046836853027344 0.5186524391174316 
19 0.38826441764831543 0.5283345580101013 0.12468640506267548 0.20321857929229736 
19 0.5820260643959045 0.6466801166534424 0.12964721024036407 0.667950451374054 
59 0.58278489112854 0.6980187892913818 0.09389739483594894 0.16415372490882874 
