48 0.49978670477867126 0.527887761592865 0.9646485447883606 0.8339575529098511 
96 0.44193407893180847 0.5261096954345703 0.8087199926376343 0.7655148506164551 
96 0.34512579441070557 0.20035456120967865 0.22780105471611023 0.08833754807710648 
125 0.4975249469280243 0.5264941453933716 0.967972993850708 0.8352793455123901 
53 0.2968328297138214 0.0775965079665184 0.15526926517486572 0.15678353607654572 
125 0.5004240274429321 0.49914446473121643 0.9988971948623657 0.9977891445159912 
53 0.4390904903411865 0.5293921828269958 0.8009327054023743 0.762882649898529 
125 0.4980640411376953 0.5251495242118835 0.9649530649185181 0.8360387682914734 
49 0.4982754588127136 0.5286659002304077 0.9578334093093872 0.8260371685028076 
96 0.5006818771362305 0.49817028641700745 0.9987136125564575 0.9975368976593018 
96 0.5574156045913696 0.15461082756519318 0.5673235058784485 0.1131923645734787 
48 0.49709078669548035 0.5248672962188721 0.9677553772926331 0.8318852186203003 
49 0.5481446385383606 0.16533972322940826 0.5750114321708679 0.11496195197105408 
96 0.49765026569366455 0.52447110414505 0.9648206233978271 0.8300556540489197 
49 0.2977718114852905 0.07813438773155212 0.15627536177635193 0.15764696896076202 
96 0.5006427764892578 0.49827665090560913 0.9986391663551331 0.9964724779129028 
