22 0.27308470010757446 0.16020362079143524 0.3943886458873749 0.17892327904701233 
123 0.5241703391075134 0.5051466822624207 0.6808583736419678 0.7548773884773254 
114 0.3950434923171997 0.36519747972488403 0.16377072036266327 0.08389648795127869 
22 0.5227828025817871 0.5056841969490051 0.6878913044929504 0.7628351449966431 
144 0.3958660662174225 0.3637339472770691 0.16117164492607117 0.08200287073850632 
22 0.522837221622467 0.5068919062614441 0.6953650116920471 0.7657422423362732 
21 0.5281516313552856 0.7196084260940552 0.05820375308394432 0.05339649319648743 
22 0.523004949092865 0.5054135918617249 0.6909784078598022 0.759711742401123 
75 0.5258596539497375 0.5031930208206177 0.6636571288108826 0.7513814568519592 
22 0.6057148575782776 0.7883543372154236 0.08917004615068436 0.1742045283317566 
144 0.8009737133979797 0.7348372936248779 0.051899150013923645 0.12543578445911407 
22 0.5238359570503235 0.5051547288894653 0.6899879574775696 0.7579712271690369 
145 0.5249625444412231 0.5056644678115845 0.6690247654914856 0.760021984577179 
22 0.49982208013534546 0.8091790080070496 0.9964839220046997 0.372666597366333 
129 0.4707045257091522 0.25116756558418274 0.15644775331020355 0.10443884879350662 
22 0.5238956809043884 0.5065842270851135 0.6892170310020447 0.7629171013832092 
22 0.29744479060173035 0.544885516166687 0.1530400961637497 0.14544342458248138 
143 0.5222553610801697 0.5075925588607788 0.6947025060653687 0.7631721496582031 
114 0.31205064058303833 0.26643460988998413 0.14482371509075165 0.09583919495344162 
22 0.5243973731994629 0.5063533782958984 0.6853073835372925 0.755118727684021 
