77 0.7320231199264526 0.7716763615608215 0.10550051927566528 0.24604329466819763 
86 0.49961286783218384 0.9102233052253723 0.9967430233955383 0.17080138623714447 
77 0.7312521934509277 0.7713131904602051 0.10584183037281036 0.24621325731277466 
65 0.734327495098114 0.7667445540428162 0.10824659466743469 0.146317720413208 
77 0.4825991690158844 0.3931012749671936 0.2091129571199417 0.3719649910926819 
65 0.3693088889122009 0.33201807737350464 0.06913752108812332 0.11161036044359207 
135 0.4828600585460663 0.3898088335990906 0.21279636025428772 0.36957457661628723 
120 0.48405683040618896 0.30227264761924744 0.14755713939666748 0.12276711314916611 
77 0.4867704212665558 0.760514497756958 0.12997615337371826 0.23759394884109497 
86 0.49943357706069946 0.9119186401367188 0.9972023963928223 0.16529503464698792 
90 0.48179665207862854 0.39198192954063416 0.20976990461349487 0.37041717767715454 
120 0.48396962881088257 0.44825172424316406 0.0655984953045845 0.19252179563045502 
77 0.7310930490493774 0.7697185277938843 0.10693967342376709 0.24567784368991852 
61 0.7258469462394714 0.6677446961402893 0.043171610683202744 0.05389542505145073 
77 0.48349180817604065 0.39257732033729553 0.21467089653015137 0.37456971406936646 
98 0.48466506600379944 0.23190918564796448 0.04828646779060364 0.057325709611177444 
77 0.20275039970874786 0.8441113233566284 0.0463249534368515 0.10770557075738907 
61 0.49948734045028687 0.906861424446106 0.9961586594581604 0.1747930645942688 
77 0.7313781976699829 0.7715812921524048 0.1033351868391037 0.24366788566112518 
120 0.7338889241218567 0.8453004956245422 0.06165270507335663 0.10257789492607117 
