4 0.7091797590255737 0.2638460695743561 0.3222140371799469 0.5388046503067017 
31 0.5000471472740173 0.8010826110839844 0.9993452429771423 0.37668827176094055 
4 0.4900265634059906 0.6493828296661377 0.7483412623405457 0.5192481875419617 
31 0.4951106309890747 0.4424428343772888 0.7883538007736206 0.8824095726013184 
125 0.48136183619499207 0.28104057908058167 0.74318528175354 0.5634220242500305 
50 0.4680907726287842 0.6622119545936584 0.6899794936180115 0.501197874546051 
4 0.48659422993659973 0.6519798040390015 0.737843930721283 0.5274516344070435 
31 0.5000090003013611 0.8044240474700928 0.9993172883987427 0.3708283603191376 
4 0.4830724895000458 0.2794189453125 0.7379554510116577 0.5612385869026184 
50 0.5000365972518921 0.8052844405174255 0.9993792772293091 0.36931565403938293 
4 0.5004265308380127 0.808082640171051 0.9996904134750366 0.35627925395965576 
31 0.4488593339920044 0.6721773147583008 0.6298059821128845 0.47498819231987 
31 0.5004225969314575 0.8081420063972473 0.9997122883796692 0.35779809951782227 
50 0.49587199091911316 0.43935680389404297 0.7681381106376648 0.8688797354698181 
4 0.4612991511821747 0.2748925983905792 0.7062786221504211 0.5464714765548706 
4 0.5000376105308533 0.8030393719673157 0.999369204044342 0.372130811214447 
