77 0.5086100101470947 0.49785706400871277 0.20875833928585052 0.33449313044548035 
56 0.5003002285957336 0.39021456241607666 0.9991022348403931 0.7230690121650696 
77 0.5106257796287537 0.49994736909866333 0.20252946019172668 0.3373294770717621 
2 0.5006150007247925 0.4983987510204315 0.9997856020927429 0.9928199648857117 
77 0.5095559358596802 0.49919554591178894 0.20924820005893707 0.33775919675827026 
124 0.520412266254425 0.5684739351272583 0.15908341109752655 0.14888474345207214 
77 0.5083329677581787 0.49726247787475586 0.21623927354812622 0.3361087143421173 
110 0.5113436579704285 0.653727650642395 0.15604907274246216 0.10945979505777359 
77 0.5008794069290161 0.3665044605731964 0.9997010231018066 0.6689915657043457 
60 0.5055428743362427 0.5042518377304077 0.20476441085338593 0.33436229825019836 
77 0.5078562498092651 0.49701958894729614 0.22084340453147888 0.34053587913513184 
124 0.5048566460609436 0.6520727276802063 0.1615075320005417 0.11632587760686874 
77 0.5099012851715088 0.49764731526374817 0.2064870297908783 0.3393217921257019 
124 0.5005579590797424 0.3666384816169739 0.9993780851364136 0.7040116190910339 
60 0.5091341137886047 0.49673226475715637 0.20673169195652008 0.33681532740592957 
77 0.4956750273704529 0.39355531334877014 0.04013751819729805 0.10011178255081177 
77 0.510343074798584 0.4977415204048157 0.20219363272190094 0.3357212543487549 
56 0.5202068090438843 0.48617908358573914 0.0816550999879837 0.14545969665050507 
77 0.5215210914611816 0.46958157420158386 0.08213020861148834 0.10772482305765152 
57 0.5186986327171326 0.48712024092674255 0.08228146284818649 0.15138861536979675 
