77 0.5736973881721497 0.45425277948379517 0.2490675449371338 0.6195381283760071 
61 0.5493857860565186 0.38151323795318604 0.1552283614873886 0.25696733593940735 
61 0.6382383704185486 0.27274951338768005 0.07971198856830597 0.06422542780637741 
60 0.46656036376953125 0.5497499704360962 0.446150541305542 0.7872284054756165 
77 0.43986254930496216 0.7141379117965698 0.33551865816116333 0.3944662809371948 
86 0.45680180191993713 0.5622351765632629 0.4424445927143097 0.7672048211097717 
77 0.4620782434940338 0.5622320771217346 0.44540584087371826 0.7749437689781189 
110 0.45961424708366394 0.593424916267395 0.09604580700397491 0.10357881337404251 
77 0.3863184154033661 0.24416327476501465 0.1402420997619629 0.10131308436393738 
24 0.3927754759788513 0.25901156663894653 0.13154128193855286 0.12954680621623993 
77 0.4602296054363251 0.5675119161605835 0.44054973125457764 0.7688877582550049 
54 0.44933247566223145 0.4309590756893158 0.20162968337535858 0.24860408902168274 
61 0.4641805589199066 0.5593108534812927 0.4501667618751526 0.7776849269866943 
77 0.44505706429481506 0.7052290439605713 0.349017858505249 0.38815319538116455 
77 0.5760157108306885 0.4246489107608795 0.2412528246641159 0.5548465251922607 
111 0.5492643117904663 0.18173375725746155 0.11875299364328384 0.0763373151421547 
77 0.46247193217277527 0.5641488432884216 0.44228148460388184 0.7723104357719421 
110 0.6233780980110168 0.6597298383712769 0.12216173857450485 0.12755243480205536 
77 0.4612331688404083 0.5655964612960815 0.44239065051078796 0.7707520723342896 
54 0.27589279413223267 0.794886589050293 0.08065298944711685 0.1060832291841507 
