17 0.7156437039375305 0.468401700258255 0.4193609654903412 0.6355202198028564 
125 0.5005922913551331 0.6831984519958496 0.9997519850730896 0.6297899484634399 
50 0.5008518099784851 0.5444187521934509 0.9956634640693665 0.8028875589370728 
17 0.5006516575813293 0.7095086574554443 0.999733030796051 0.5760125517845154 
50 0.5008057951927185 0.7226715087890625 0.9996901750564575 0.5686934590339661 
125 0.50063157081604 0.671186625957489 0.9995211362838745 0.6440392732620239 
50 0.33093029260635376 0.4868459105491638 0.3988974690437317 0.6091591119766235 
17 0.5005813241004944 0.6948053240776062 0.9996675252914429 0.5999899506568909 
50 0.32829877734184265 0.4844215512275696 0.40908825397491455 0.6140792965888977 
17 0.5006169080734253 0.6745055913925171 0.9997389912605286 0.6360728144645691 
50 0.7173942923545837 0.4690130949020386 0.41997501254081726 0.6371138691902161 
125 0.5006304383277893 0.6985188722610474 0.9997144341468811 0.5892870426177979 
