28 0.3318820893764496 0.5576699376106262 0.34963926672935486 0.29406264424324036 
134 0.425040602684021 0.7779169082641602 0.5118920803070068 0.2611600160598755 
28 0.6585017442703247 0.3683387339115143 0.17236869037151337 0.14950087666511536 
134 0.50087970495224 0.49823224544525146 0.9991437196731567 0.9980454444885254 
28 0.6546534299850464 0.3644927442073822 0.17232222855091095 0.14640963077545166 
134 0.6571136713027954 0.352489173412323 0.14155182242393494 0.10088714957237244 
28 0.4790160655975342 0.4293573200702667 0.20979450643062592 0.1640622466802597 
134 0.477678507566452 0.4290236234664917 0.1526109278202057 0.12378939241170883 
28 0.6571995615959167 0.3682888448238373 0.16941125690937042 0.14721988141536713 
134 0.6562747955322266 0.3559418320655823 0.13650768995285034 0.09825465828180313 
89 0.655705451965332 0.35106271505355835 0.12926574051380157 0.09180929511785507 
134 0.4830032289028168 0.3229321539402008 0.1943611055612564 0.13234810531139374 
28 0.48261237144470215 0.371304452419281 0.20196548104286194 0.1343023031949997 
134 0.4211951196193695 0.47787848114967346 0.1585424691438675 0.13420765101909637 
28 0.3284766376018524 0.5600398778915405 0.3422478437423706 0.29592952132225037 
56 0.4252483546733856 0.7720147371292114 0.5219608545303345 0.26814910769462585 
60 0.6529814004898071 0.35980379581451416 0.12873190641403198 0.09732138365507126 
19 0.6609265208244324 0.37792059779167175 0.16982382535934448 0.15457725524902344 
28 0.6586742401123047 0.36556440591812134 0.16852906346321106 0.1452866494655609 
56 0.4243217408657074 0.7744743227958679 0.5174545645713806 0.2662390172481537 
