133 0.42387309670448303 0.9218854308128357 0.0990586206316948 0.10994163155555725 
120 0.5006054043769836 0.573401153087616 0.9993574023246765 0.8449653387069702 
133 0.38475301861763 0.9169817566871643 0.04116837680339813 0.10488950461149216 
120 0.5004436373710632 0.6015194654464722 0.9990336894989014 0.790897011756897 
120 0.57257080078125 0.7653444409370422 0.2946022152900696 0.3817509114742279 
80 0.5004917979240417 0.6013104319572449 0.999447762966156 0.7917738556861877 
80 0.7088849544525146 0.7502874732017517 0.5658300518989563 0.4924754500389099 
120 0.5005499124526978 0.5094252824783325 0.9989053010940552 0.9659397602081299 
120 0.5005100965499878 0.5949115753173828 0.9998278617858887 0.8136135339736938 
133 0.8703804016113281 0.898293137550354 0.12678129971027374 0.18989840149879456 
133 0.8713587522506714 0.8932538628578186 0.12272429466247559 0.20224137604236603 
120 0.5004438757896423 0.6059954762458801 0.9991284012794495 0.7824585437774658 
90 0.49989596009254456 0.30377668142318726 0.999108612537384 0.6205679774284363 
120 0.5005195140838623 0.551898717880249 0.9993371367454529 0.8823313117027283 
120 0.5009825229644775 0.5894290208816528 0.9999005794525146 0.8129357099533081 
120 0.500525712966919 0.3130822479724884 0.9993176460266113 0.6248779892921448 
120 0.5008953213691711 0.5151334404945374 0.9998143315315247 0.9535397887229919 
80 0.5004019141197205 0.3148746192455292 0.9989013671875 0.6179081201553345 
89 0.5006182789802551 0.5799702405929565 0.9996780157089233 0.8339633345603943 
120 0.7011582851409912 0.7477847933769226 0.5461848974227905 0.44330325722694397 
