19 0.518269419670105 0.21569938957691193 0.11200712621212006 0.3011573255062103 
65 0.5047762393951416 0.3690040111541748 0.09087754040956497 0.14721867442131042 
19 0.7403507828712463 0.7890748977661133 0.14185523986816406 0.33837419748306274 
65 0.832129716873169 0.6101694107055664 0.10178478062152863 0.1642240434885025 
19 0.3526691794395447 0.7992189526557922 0.14967462420463562 0.35119932889938354 
110 0.3463343381881714 0.8160549998283386 0.13625851273536682 0.1856933832168579 
19 0.05155313014984131 0.6664522886276245 0.09852413088083267 0.4997442364692688 
110 0.04762035235762596 0.6104268431663513 0.08866919577121735 0.163804292678833 
52 0.598625123500824 0.783561646938324 0.13720478117465973 0.3163554072380066 
110 0.6154916882514954 0.8125749230384827 0.12144961953163147 0.17455962300300598 
19 0.21537800133228302 0.23803938925266266 0.12086515128612518 0.28041961789131165 
110 0.23525500297546387 0.2850801646709442 0.09814616292715073 0.15913885831832886 
