77 0.12239304929971695 0.5801255702972412 0.1835137903690338 0.40916916728019714 
110 0.08666087687015533 0.43600115180015564 0.06796959787607193 0.04041494056582451 
77 0.7711290717124939 0.38477441668510437 0.4025740921497345 0.7662655711174011 
59 0.722333550453186 0.23990632593631744 0.23272840678691864 0.34110525250434875 
148 0.7796876430511475 0.38827401399612427 0.3992753028869629 0.7770346403121948 
111 0.8967328071594238 0.7205631732940674 0.14132551848888397 0.12076473236083984 
77 0.7449244856834412 0.4383300542831421 0.42426592111587524 0.72466641664505 
110 0.5770573616027832 0.18040348589420319 0.1670960783958435 0.17097537219524384 
77 0.49970000982284546 0.6003802418708801 0.5207329392433167 0.7918241024017334 
112 0.4256400167942047 0.5150085091590881 0.32225391268730164 0.46457716822624207 
77 0.7512642741203308 0.4337122440338135 0.4293082654476166 0.7431334853172302 
53 0.8075652122497559 0.5030896067619324 0.27702128887176514 0.5017709732055664 
77 0.5022715330123901 0.6001469492912292 0.5240495800971985 0.7912818193435669 
65 0.5783408880233765 0.6977766156196594 0.1856112778186798 0.2603062093257904 
77 0.7682768702507019 0.38420742750167847 0.40908902883529663 0.7630270719528198 
56 0.6559136509895325 0.06978154182434082 0.10648457705974579 0.13784587383270264 
148 0.7619022727012634 0.40801313519477844 0.4182293713092804 0.7749311327934265 
56 0.7659846544265747 0.8564924001693726 0.09070748090744019 0.10572803020477295 
148 0.12347333133220673 0.5801194906234741 0.18544422090053558 0.41098329424858093 
86 0.12003277987241745 0.6216694712638855 0.1501084268093109 0.28547605872154236 
