77 0.49998295307159424 0.49873849749565125 0.9991974234580994 0.9972460269927979 
127 0.5001141428947449 0.6477855443954468 0.9978565573692322 0.6993726491928101 
77 0.5001564025878906 0.4992694854736328 0.9994303584098816 0.9975230097770691 
42 0.544330894947052 0.16147929430007935 0.5209248661994934 0.33455324172973633 
77 0.8828879594802856 0.7425130605697632 0.23627890646457672 0.20599396526813507 
83 0.5004786849021912 0.4986601173877716 0.9986822009086609 0.9972777962684631 
77 0.8955170512199402 0.732189953327179 0.20022505521774292 0.09387265145778656 
39 0.5005267858505249 0.4986417889595032 0.9987459182739258 0.9977333545684814 
57 0.8915684819221497 0.7273475527763367 0.20345617830753326 0.0941360741853714 
77 0.8795855045318604 0.7368772625923157 0.23897996544837952 0.20586910843849182 
77 0.7196320295333862 0.14874345064163208 0.11180814355611801 0.09315308928489685 
56 0.500548243522644 0.498500794172287 0.9988200068473816 0.9975511431694031 
39 0.366396963596344 0.1282934695482254 0.10627153515815735 0.11503975838422775 
77 0.5005509853363037 0.4985637962818146 0.9986870884895325 0.997795820236206 
127 0.6308150887489319 0.08069021999835968 0.088966965675354 0.04588396102190018 
77 0.5005487203598022 0.4985825717449188 0.9988658428192139 0.9980723857879639 
83 0.5000194311141968 0.4993229806423187 0.9995757937431335 0.998069703578949 
77 0.7262234687805176 0.14779052138328552 0.11254481971263885 0.09702049195766449 
77 0.499892920255661 0.49912214279174805 0.9993343949317932 0.9978095889091492 
81 0.5912465453147888 0.15909238159656525 0.3761431574821472 0.3180086016654968 
