148 0.605279266834259 0.508394181728363 0.35290950536727905 0.827628493309021 
86 0.5006155967712402 0.49971067905426025 0.9980961680412292 0.9908546209335327 
148 0.603255569934845 0.5093455910682678 0.35146093368530273 0.8292113542556763 
117 0.6404017210006714 0.89436936378479 0.6060839295387268 0.09120603650808334 
148 0.6031754612922668 0.5079132318496704 0.35158178210258484 0.8242276906967163 
54 0.6386866569519043 0.8949470520019531 0.6097153425216675 0.09121065586805344 
148 0.6045926213264465 0.507560670375824 0.351775586605072 0.8251319527626038 
65 0.5996884107589722 0.8618770837783813 0.23951947689056396 0.09582745283842087 
148 0.7206240892410278 0.8702895045280457 0.13523349165916443 0.10984974354505539 
59 0.6029510498046875 0.5063193440437317 0.3556358218193054 0.8448911309242249 
148 0.5935014486312866 0.35635513067245483 0.25639188289642334 0.32633253931999207 
15 0.6035196781158447 0.507210910320282 0.35883739590644836 0.846182107925415 
148 0.6027346849441528 0.5076912641525269 0.35348209738731384 0.8262638449668884 
98 0.4920291006565094 0.5739259719848633 0.10278669744729996 0.34372052550315857 
148 0.6054854393005371 0.507506787776947 0.34753257036209106 0.8282738924026489 
117 0.5005916357040405 0.5008057355880737 0.9978766441345215 0.9867621064186096 
117 0.6575555205345154 0.6652959585189819 0.22154344618320465 0.3860594928264618 
120 0.6029869914054871 0.5053510069847107 0.35408124327659607 0.8377355337142944 
86 0.603711724281311 0.5082525610923767 0.3488931357860565 0.8243459463119507 
148 0.45947542786598206 0.4239574670791626 0.05441213399171829 0.07571473717689514 
