77 0.6321419477462769 0.5984827876091003 0.13296887278556824 0.3636762797832489 
110 0.6365568041801453 0.5463930368423462 0.08855593204498291 0.1311003565788269 
77 0.6295863389968872 0.4461614489555359 0.05410309135913849 0.057408686727285385 
61 0.62873375415802 0.45388537645339966 0.05362137779593468 0.06820912659168243 
77 0.5966019034385681 0.752648651599884 0.2654227018356323 0.3472917675971985 
61 0.5811454057693481 0.6074414253234863 0.05529611185193062 0.05955617129802704 
77 0.5095447301864624 0.6515892148017883 0.05168105661869049 0.07014720886945724 
61 0.5151341557502747 0.6497677564620972 0.04947740212082863 0.07023224234580994 
61 0.5126624703407288 0.7703838348388672 0.18321183323860168 0.31404978036880493 
60 0.5670971870422363 0.6936023235321045 0.15347681939601898 0.11721669137477875 
77 0.5991184115409851 0.7525426149368286 0.26282769441604614 0.3457099199295044 
86 0.6021356582641602 0.8153327703475952 0.22474832832813263 0.18089084327220917 
77 0.6314731240272522 0.5955979824066162 0.13430704176425934 0.3646543622016907 
110 0.630959689617157 0.44368135929107666 0.0538301058113575 0.05835115537047386 
61 0.512738049030304 0.7684958577156067 0.18494756519794464 0.3177366554737091 
60 0.5110946893692017 0.648560643196106 0.052331604063510895 0.06849366426467896 
77 0.5980772972106934 0.7503122091293335 0.2632194459438324 0.35045361518859863 
110 0.5916334986686707 0.6821329593658447 0.15000861883163452 0.11834420263767242 
61 0.5097571611404419 0.6537131667137146 0.051690723747015 0.07274677604436874 
77 0.5125908851623535 0.7673810124397278 0.17751745879650116 0.3138028681278229 
